103,58,3
103,59,1
103,65,1
103,66,3
104,58,3
104,59,3
104,60,2
104,61,1
104,63,1
104,64,2
104,65,3
104,66,3
105,58,3
105,59,3
105,60,3
105,61,3
105,63,3
105,64,3
105,65,3
105,66,3
106,58,3
106,59,3
106,60,3
106,61,3
106,63,3
106,64,3
106,65,3
106,66,3
107,58,3
107,59,3
107,60,3
107,61,3
107,63,3
107,64,3
107,65,3
108,56,1
108,57,3
108,58,3
108,59,3
108,60,3
108,61,3
108,63,3
108,64,3
108,65,3
109,56,3
109,57,3
109,58,3
109,59,3
109,60,3
109,61,3
109,63,3
109,64,3
109,65,3
110,57,3
110,58,3
110,59,3
110,60,3
110,61,1
110,63,3
110,64,3
110,65,3
111,63,3
111,64,3
111,65,3
112,57,3
112,58,3
112,59,3
112,60,3
112,61,3
112,63,1
112,64,3
112,65,3
113,56,3
113,57,3
113,58,3
113,59,3
113,60,3
113,61,3
113,63,3
113,64,3
113,65,3
114,56,1
114,57,3
114,58,3
114,59,3
114,60,3
114,61,3
114,63,3
114,64,3
114,65,3
115,58,3
115,59,3
115,60,3
115,61,3
115,63,3
115,64,3
115,65,3
116,58,3
116,59,3
116,60,3
116,61,3
116,63,3
116,64,3
116,65,3
116,66,3
117,58,3
117,59,3
117,60,3
117,61,3
117,63,3
117,64,3
117,65,3
117,66,3
118,58,3
118,59,3
118,60,2
118,61,1
118,63,1
118,64,2
118,65,3
118,66,3
119,58,3
119,59,1
119,65,1
119,66,3
