106,55,3
106,56,3
106,57,3
106,58,3
106,59,3
106,60,3
106,61,3
106,62,3
107,55,3
107,56,3
107,57,3
107,58,3
107,59,3
107,60,3
107,61,3
107,62,3
107,63,3
107,64,1
108,53,3
108,54,3
108,55,3
108,56,3
108,57,3
108,58,1
108,59,3
108,60,3
108,61,3
108,62,3
108,63,3
108,64,3
109,53,3
109,54,3
109,55,3
109,56,3
109,57,3
109,59,3
109,60,3
109,61,3
109,62,3
109,63,3
110,53,3
110,54,3
110,55,2
110,56,1
110,57,3
111,53,3
111,54,3
111,55,3
111,56,3
111,57,3
111,59,1
111,60,3
111,61,3
111,62,3
111,63,3
112,53,3
112,54,3
112,55,3
112,56,3
112,57,3
112,59,3
112,60,3
112,61,3
112,62,3
112,63,3
112,64,3
113,54,3
113,55,3
113,56,3
113,57,3
113,59,3
113,60,3
113,61,3
113,62,3
113,63,3
113,64,1
114,54,3
114,55,3
114,56,3
114,57,3
114,59,3
114,60,3
114,61,3
114,62,3
115,54,3
115,55,3
115,56,2
115,57,1
115,59,1
115,60,2
115,61,3
115,62,3
116,54,3
116,55,1
116,61,1
116,62,3
