45,246,1
46,245,1
46,246,2
46,247,1
50,211,1
50,212,3
50,216,3
50,217,1
50,243,1
50,244,3
50,248,3
50,249,1
51,211,3
51,212,3
51,213,3
51,215,3
51,216,3
51,217,3
51,228,3
51,229,3
51,230,3
51,231,3
51,232,3
51,243,3
51,244,3
51,245,3
51,247,3
51,248,3
51,249,3
52,211,3
52,212,3
52,213,3
52,215,3
52,216,3
52,217,3
52,228,3
52,229,3
52,230,3
52,231,3
52,232,3
52,243,3
52,244,3
52,245,3
52,247,3
52,248,3
52,249,3
53,210,3
53,211,3
53,212,3
53,213,3
53,215,3
53,216,3
53,217,3
53,218,3
53,219,3
53,220,3
53,221,3
53,222,3
53,223,3
53,224,3
53,225,3
53,226,3
53,227,3
53,228,3
53,229,3
53,230,2
53,231,3
53,232,3
53,233,3
53,234,3
53,235,3
53,236,3
53,237,3
53,238,3
53,239,3
53,240,3
53,241,3
53,242,3
53,243,3
53,244,3
53,245,3
53,247,3
53,248,3
53,249,3
53,250,3
54,210,3
54,211,3
54,212,3
54,213,3
54,215,1
54,216,3
54,217,3
54,218,3
54,219,3
54,220,3
54,221,3
54,222,3
54,223,3
54,224,3
54,225,3
54,226,3
54,227,3
54,228,3
54,229,3
54,230,1
54,231,3
54,232,3
54,233,3
54,234,3
54,235,3
54,236,3
54,237,3
54,238,3
54,239,3
54,240,3
54,241,3
54,242,3
54,243,3
54,244,3
54,245,1
54,247,3
54,248,3
54,249,3
54,250,3
55,210,3
55,211,3
55,212,1
55,248,1
55,249,3
55,250,3
56,210,3
56,211,3
56,212,3
56,213,3
56,214,3
56,215,3
56,216,3
56,217,3
56,218,3
56,219,3
56,220,3
56,221,3
56,222,3
56,223,3
56,224,3
56,225,3
56,226,3
56,227,3
56,228,3
56,229,3
56,231,3
56,232,3
56,233,3
56,234,3
56,235,3
56,236,3
56,237,3
56,238,3
56,239,3
56,240,3
56,241,3
56,242,3
56,243,3
56,244,3
56,245,3
56,246,3
56,247,3
56,248,3
56,249,3
56,250,3
57,210,3
57,211,3
57,212,3
57,213,2
57,214,1
57,215,2
57,216,3
57,217,3
57,218,3
57,219,3
57,220,3
57,221,3
57,222,3
57,223,3
57,224,3
57,225,3
57,226,3
57,227,3
57,228,3
57,229,3
57,231,3
57,232,3
57,233,3
57,234,3
57,235,3
57,236,3
57,237,3
57,238,3
57,239,3
57,240,3
57,241,3
57,242,3
57,243,3
57,244,3
57,245,2
57,246,1
57,247,2
57,248,3
57,249,3
57,250,3
58,210,3
58,211,3
58,212,1
58,216,1
58,217,3
58,218,3
58,228,3
58,229,3
58,231,3
58,232,3
58,242,3
58,243,3
58,244,1
58,248,1
58,249,3
58,250,3
59,124,3
59,125,3
59,126,3
59,127,3
59,128,3
59,129,3
59,130,3
59,131,3
59,208,3
59,209,3
59,210,3
59,211,3
59,212,3
59,213,3
59,215,3
59,216,3
59,217,3
59,218,3
59,228,3
59,229,3
59,231,3
59,232,3
59,242,3
59,243,3
59,244,3
59,245,3
59,247,3
59,248,3
59,249,3
59,250,3
59,251,3
59,252,3
59,260,3
59,261,3
59,262,3
59,263,3
59,264,3
59,265,3
59,266,3
59,267,3
60,124,3
60,125,3
60,126,3
60,127,3
60,128,3
60,129,3
60,130,3
60,131,3
60,132,3
60,133,1
60,208,1
60,209,3
60,210,3
60,211,3
60,212,3
60,213,3
60,215,3
60,216,3
60,217,3
60,218,3
60,228,3
60,229,3
60,231,3
60,232,3
60,242,3
60,243,3
60,244,3
60,245,3
60,247,3
60,248,3
60,249,3
60,250,3
60,251,3
60,252,1
60,258,1
60,259,3
60,260,3
60,261,3
60,262,3
60,263,3
60,264,3
60,265,3
60,266,3
60,267,3
61,122,3
61,123,3
61,124,3
61,125,3
61,126,3
61,127,1
61,128,3
61,129,3
61,130,3
61,131,3
61,132,3
61,133,3
61,209,2
61,210,3
61,211,3
61,212,3
61,213,3
61,215,3
61,216,3
61,217,3
61,218,3
61,228,3
61,229,3
61,231,3
61,232,3
61,242,3
61,243,3
61,244,3
61,245,3
61,247,3
61,248,3
61,249,3
61,250,3
61,251,2
61,258,3
61,259,3
61,260,3
61,261,3
61,262,3
61,263,3
61,264,1
61,265,3
61,266,3
61,267,3
61,268,3
61,269,3
62,122,3
62,123,3
62,124,3
62,125,3
62,126,3
62,128,3
62,129,3
62,130,3
62,131,3
62,132,3
62,209,1
62,210,3
62,211,3
62,212,3
62,213,1
62,215,3
62,216,3
62,217,3
62,218,3
62,228,3
62,229,3
62,231,3
62,232,3
62,242,3
62,243,3
62,244,3
62,245,3
62,247,1
62,248,3
62,249,3
62,250,3
62,251,1
62,259,3
62,260,3
62,261,3
62,262,3
62,263,3
62,265,3
62,266,3
62,267,3
62,268,3
62,269,3
63,122,3
63,123,3
63,124,2
63,125,1
63,126,3
63,216,1
63,217,3
63,218,3
63,228,3
63,229,3
63,231,3
63,232,3
63,242,3
63,243,3
63,244,1
63,265,3
63,266,1
63,267,2
63,268,3
63,269,3
64,122,3
64,123,3
64,124,3
64,125,3
64,126,3
64,128,1
64,129,3
64,130,3
64,131,3
64,132,3
64,209,1
64,210,3
64,211,3
64,212,3
64,213,3
64,214,3
64,215,3
64,216,3
64,217,3
64,218,3
64,228,3
64,229,3
64,231,3
64,232,3
64,242,3
64,243,3
64,244,3
64,245,3
64,246,3
64,247,3
64,248,3
64,249,3
64,250,3
64,251,1
64,259,3
64,260,3
64,261,3
64,262,3
64,263,1
64,265,3
64,266,3
64,267,3
64,268,3
64,269,3
65,122,3
65,123,3
65,124,3
65,125,3
65,126,3
65,128,3
65,129,3
65,130,3
65,131,3
65,132,3
65,133,3
65,209,2
65,210,3
65,211,3
65,212,3
65,213,3
65,214,1
65,215,3
65,216,3
65,217,3
65,218,3
65,228,3
65,229,3
65,231,3
65,232,3
65,242,3
65,243,3
65,244,3
65,245,3
65,246,1
65,247,3
65,248,3
65,249,3
65,250,3
65,251,2
65,258,3
65,259,3
65,260,3
65,261,3
65,262,3
65,263,3
65,265,3
65,266,3
65,267,3
65,268,3
65,269,3
66,123,3
66,124,3
66,125,3
66,126,3
66,128,3
66,129,3
66,130,3
66,131,3
66,132,3
66,133,1
66,208,1
66,209,3
66,210,3
66,211,3
66,212,3
66,213,3
66,214,2
66,215,3
66,216,3
66,217,3
66,218,3
66,228,3
66,229,3
66,231,3
66,232,3
66,242,3
66,243,3
66,244,3
66,245,3
66,246,2
66,247,3
66,248,3
66,249,3
66,250,3
66,251,3
66,252,1
66,258,1
66,259,3
66,260,3
66,261,3
66,262,3
66,263,3
66,265,3
66,266,3
66,267,3
66,268,3
67,123,3
67,124,3
67,125,3
67,126,3
67,128,3
67,129,3
67,130,3
67,131,3
67,208,3
67,209,3
67,210,3
67,211,3
67,212,3
67,213,3
67,214,3
67,215,3
67,216,3
67,228,3
67,229,3
67,231,3
67,232,3
67,244,3
67,245,3
67,246,3
67,247,3
67,248,3
67,249,3
67,250,3
67,251,3
67,252,3
67,260,3
67,261,3
67,262,3
67,263,3
67,265,3
67,266,3
67,267,3
67,268,3
68,123,3
68,124,3
68,125,2
68,126,1
68,128,1
68,129,2
68,130,3
68,131,3
68,212,3
68,213,3
68,214,3
68,215,3
68,216,3
68,228,3
68,229,3
68,231,3
68,232,3
68,244,3
68,245,3
68,246,3
68,247,3
68,248,3
68,260,3
68,261,3
68,262,2
68,263,1
68,265,1
68,266,2
68,267,3
68,268,3
69,123,3
69,124,1
69,130,1
69,131,3
69,228,3
69,229,3
69,231,3
69,232,3
69,260,3
69,261,1
69,267,1
69,268,3
70,157,3
70,158,3
70,159,3
70,160,3
70,161,3
70,228,3
70,229,3
70,231,3
70,232,3
71,153,3
71,154,3
71,155,3
71,156,3
71,157,3
71,158,3
71,159,3
71,160,3
71,161,3
71,228,3
71,229,3
71,231,3
71,232,3
72,153,1
72,154,3
72,155,3
72,156,3
72,157,3
72,158,3
72,159,2
72,160,3
72,161,3
72,162,3
72,163,3
72,228,3
72,229,3
72,231,3
72,232,3
72,319,3
72,320,3
72,321,3
72,322,3
72,323,3
73,154,2
73,155,3
73,156,3
73,157,3
73,158,3
73,159,1
73,160,3
73,161,3
73,162,3
73,163,3
73,219,3
73,220,3
73,221,3
73,222,3
73,223,3
73,224,3
73,225,3
73,226,3
73,227,3
73,228,3
73,229,3
73,231,3
73,232,3
73,315,3
73,316,3
73,317,3
73,318,3
73,319,3
73,320,3
73,321,3
73,322,3
73,323,3
74,154,1
74,155,3
74,156,3
74,157,3
74,158,3
74,159,3
74,160,3
74,161,3
74,162,3
74,163,3
74,219,3
74,220,3
74,221,3
74,222,3
74,223,3
74,224,3
74,225,3
74,226,3
74,227,3
74,228,3
74,229,3
74,231,3
74,232,3
74,233,3
74,234,3
74,235,1
74,315,1
74,316,3
74,317,3
74,318,3
74,319,3
74,320,3
74,321,2
74,322,3
74,323,3
74,324,3
74,325,3
75,161,1
75,162,3
75,163,3
75,217,3
75,218,3
75,219,3
75,220,3
75,221,3
75,222,1
75,223,3
75,224,3
75,225,3
75,226,3
75,227,1
75,228,3
75,229,3
75,231,3
75,232,3
75,233,3
75,234,3
75,235,3
75,316,2
75,317,3
75,318,3
75,319,3
75,320,3
75,321,1
75,322,3
75,323,3
75,324,3
75,325,3
76,154,1
76,155,3
76,156,3
76,157,3
76,158,1
76,160,3
76,161,3
76,162,3
76,163,3
76,217,3
76,218,3
76,219,3
76,220,3
76,221,3
76,223,3
76,224,3
76,225,3
76,226,3
76,228,2
76,229,3
76,231,1
76,232,3
76,233,3
76,234,3
76,237,1
76,316,1
76,317,3
76,318,3
76,319,3
76,320,3
76,321,3
76,322,3
76,323,3
76,324,3
76,325,3
77,154,2
77,155,3
77,156,3
77,157,3
77,158,3
77,160,3
77,161,3
77,162,3
77,163,3
77,217,3
77,218,3
77,219,2
77,220,1
77,221,3
77,228,1
77,229,3
77,237,2
77,238,1
77,323,1
77,324,3
77,325,3
78,153,1
78,154,3
78,155,3
78,156,3
78,157,3
78,158,3
78,160,3
78,161,3
78,162,3
78,163,3
78,217,3
78,218,3
78,219,3
78,220,3
78,221,3
78,223,1
78,224,3
78,225,3
78,226,3
78,228,2
78,229,3
78,231,3
78,232,3
78,233,3
78,234,3
78,237,1
78,316,1
78,317,3
78,318,3
78,319,3
78,320,1
78,322,3
78,323,3
78,324,3
78,325,3
79,153,3
79,154,3
79,155,3
79,156,3
79,157,3
79,158,3
79,160,3
79,161,3
79,162,3
79,163,3
79,217,3
79,218,3
79,219,3
79,220,3
79,221,3
79,223,3
79,224,3
79,225,3
79,226,3
79,227,1
79,228,3
79,229,3
79,230,1
79,231,3
79,232,3
79,233,3
79,234,3
79,235,3
79,316,2
79,317,3
79,318,3
79,319,3
79,320,3
79,322,3
79,323,3
79,324,3
79,325,3
80,156,3
80,157,3
80,158,3
80,160,3
80,161,3
80,162,3
80,218,3
80,219,3
80,220,3
80,221,3
80,223,3
80,224,3
80,225,3
80,226,3
80,227,3
80,228,3
80,229,3
80,230,3
80,231,3
80,232,3
80,233,3
80,234,3
80,235,1
80,315,1
80,316,3
80,317,3
80,318,3
80,319,3
80,320,3
80,322,3
80,323,3
80,324,3
80,325,3
81,156,1
81,157,3
81,161,3
81,162,1
81,218,3
81,219,3
81,220,3
81,221,3
81,223,3
81,224,3
81,225,3
81,226,3
81,227,3
81,228,3
81,229,3
81,230,3
81,231,3
81,232,3
81,315,3
81,316,3
81,317,3
81,318,3
81,319,3
81,320,3
81,322,3
81,323,3
81,324,3
81,325,3
82,218,3
82,219,3
82,220,2
82,221,1
82,223,1
82,224,2
82,225,3
82,226,3
82,318,3
82,319,3
82,320,3
82,322,3
82,323,3
82,324,3
83,218,3
83,219,1
83,225,1
83,226,3
83,318,1
83,319,3
83,323,3
83,324,1
86,79,3
86,80,3
86,81,3
86,82,3
86,83,3
87,79,3
87,80,3
87,81,3
87,82,3
87,83,3
87,84,3
87,85,3
87,86,3
87,87,3
87,298,3
87,299,3
87,300,3
87,301,3
87,302,3
87,303,3
87,304,3
87,305,3
88,77,3
88,78,3
88,79,3
88,80,3
88,81,2
88,82,3
88,83,3
88,84,3
88,85,3
88,86,3
88,87,1
88,296,1
88,297,3
88,298,3
88,299,3
88,300,3
88,301,3
88,302,3
88,303,3
88,304,3
88,305,3
89,77,3
89,78,3
89,79,3
89,80,3
89,81,1
89,82,3
89,83,3
89,84,3
89,85,3
89,86,2
89,296,3
89,297,3
89,298,3
89,299,3
89,300,3
89,301,3
89,302,1
89,303,3
89,304,3
89,305,3
89,306,3
89,307,3
90,77,3
90,78,3
90,79,3
90,80,3
90,81,3
90,82,3
90,83,3
90,84,3
90,85,3
90,86,1
90,297,3
90,298,3
90,299,3
90,300,3
90,301,3
90,303,3
90,304,3
90,305,3
90,306,3
90,307,3
91,77,3
91,78,3
91,79,1
91,303,3
91,304,1
91,305,2
91,306,3
91,307,3
92,77,3
92,78,3
92,79,3
92,80,3
92,82,1
92,83,3
92,84,3
92,85,3
92,86,1
92,297,3
92,298,3
92,299,3
92,300,3
92,301,1
92,303,3
92,304,3
92,305,3
92,306,3
92,307,3
93,77,3
93,78,3
93,79,3
93,80,3
93,82,3
93,83,3
93,84,3
93,85,3
93,86,2
93,296,3
93,297,3
93,298,3
93,299,3
93,300,3
93,301,3
93,303,3
93,304,3
93,305,3
93,306,3
93,307,3
94,77,3
94,78,3
94,79,3
94,80,3
94,82,3
94,83,3
94,84,3
94,85,3
94,86,3
94,87,1
94,296,1
94,297,3
94,298,3
94,299,3
94,300,3
94,301,3
94,303,3
94,304,3
94,305,3
94,306,3
95,77,3
95,78,3
95,79,3
95,80,3
95,82,3
95,83,3
95,84,3
95,85,3
95,86,3
95,87,3
95,298,3
95,299,3
95,300,3
95,301,3
95,303,3
95,304,3
95,305,3
95,306,3
96,78,3
96,79,3
96,80,3
96,82,3
96,83,3
96,84,3
96,298,3
96,299,3
96,300,2
96,301,1
96,303,1
96,304,2
96,305,3
96,306,3
97,78,1
97,79,3
97,83,3
97,84,1
97,298,3
97,299,1
97,305,1
97,306,3
109,276,3
109,277,3
109,278,3
109,279,3
109,280,3
110,272,3
110,273,3
110,274,3
110,275,3
110,276,3
110,277,3
110,278,3
110,279,3
110,280,3
111,272,1
111,273,3
111,274,3
111,275,3
111,276,3
111,277,3
111,278,2
111,279,3
111,280,3
111,281,3
111,282,3
112,273,2
112,274,3
112,275,3
112,276,3
112,277,3
112,278,1
112,279,3
112,280,3
112,281,3
112,282,3
113,273,1
113,274,3
113,275,3
113,276,3
113,277,3
113,278,3
113,279,3
113,280,3
113,281,3
113,282,3
114,280,1
114,281,3
114,282,3
115,273,1
115,274,3
115,275,3
115,276,3
115,277,1
115,279,3
115,280,3
115,281,3
115,282,3
116,273,2
116,274,3
116,275,3
116,276,3
116,277,3
116,279,3
116,280,3
116,281,3
116,282,3
117,272,1
117,273,3
117,274,3
117,275,3
117,276,3
117,277,3
117,279,3
117,280,3
117,281,3
117,282,3
118,272,3
118,273,3
118,274,3
118,275,3
118,276,3
118,277,3
118,279,3
118,280,3
118,281,3
118,282,3
119,275,3
119,276,3
119,277,3
119,279,3
119,280,3
119,281,3
120,236,3
120,237,3
120,238,3
120,239,3
120,240,3
120,275,1
120,276,3
120,280,3
120,281,1
121,203,3
121,204,3
121,205,3
121,206,3
121,207,3
121,208,3
121,209,3
121,210,3
121,232,3
121,233,3
121,234,3
121,235,3
121,236,3
121,237,3
121,238,3
121,239,3
121,240,3
122,203,3
122,204,3
122,205,3
122,206,3
122,207,3
122,208,3
122,209,3
122,210,3
122,211,3
122,212,1
122,232,1
122,233,3
122,234,3
122,235,3
122,236,3
122,237,3
122,238,2
122,239,3
122,240,3
122,241,3
122,242,3
123,201,3
123,202,3
123,203,3
123,204,3
123,205,3
123,206,1
123,207,3
123,208,3
123,209,3
123,210,3
123,211,3
123,212,3
123,233,2
123,234,3
123,235,3
123,236,3
123,237,3
123,238,1
123,239,3
123,240,3
123,241,3
123,242,3
124,201,3
124,202,3
124,203,3
124,204,3
124,205,3
124,207,3
124,208,3
124,209,3
124,210,3
124,211,3
124,233,1
124,234,3
124,235,3
124,236,3
124,237,3
124,238,3
124,239,3
124,240,3
124,241,3
124,242,3
125,201,3
125,202,3
125,203,2
125,204,1
125,205,3
125,240,1
125,241,3
125,242,3
126,201,3
126,202,3
126,203,3
126,204,3
126,205,3
126,207,1
126,208,3
126,209,3
126,210,3
126,211,3
126,233,1
126,234,3
126,235,3
126,236,3
126,237,1
126,239,3
126,240,3
126,241,3
126,242,3
127,201,3
127,202,3
127,203,3
127,204,3
127,205,3
127,207,3
127,208,3
127,209,3
127,210,3
127,211,3
127,212,3
127,233,2
127,234,3
127,235,3
127,236,3
127,237,3
127,239,3
127,240,3
127,241,3
127,242,3
128,202,3
128,203,3
128,204,3
128,205,3
128,207,3
128,208,3
128,209,3
128,210,3
128,211,3
128,212,1
128,232,1
128,233,3
128,234,3
128,235,3
128,236,3
128,237,3
128,239,3
128,240,3
128,241,3
128,242,3
129,202,3
129,203,3
129,204,3
129,205,3
129,207,3
129,208,3
129,209,3
129,210,3
129,232,3
129,233,3
129,234,3
129,235,3
129,236,3
129,237,3
129,239,3
129,240,3
129,241,3
129,242,3
130,202,3
130,203,3
130,204,2
130,205,1
130,207,1
130,208,2
130,209,3
130,210,3
130,235,3
130,236,3
130,237,3
130,239,3
130,240,3
130,241,3
131,202,3
131,203,1
131,209,1
131,210,3
131,235,1
131,236,3
131,240,3
131,241,1
136,234,3
136,235,1
136,241,1
136,242,3
136,261,1
136,262,3
136,266,3
136,267,1
137,234,3
137,235,3
137,236,2
137,237,1
137,239,1
137,240,2
137,241,3
137,242,3
137,261,3
137,262,3
137,263,3
137,265,3
137,266,3
137,267,3
138,234,3
138,235,3
138,236,3
138,237,3
138,239,3
138,240,3
138,241,3
138,242,3
138,243,3
138,244,3
138,245,3
138,246,3
138,247,3
138,248,3
138,258,3
138,259,3
138,260,3
138,261,3
138,262,3
138,263,3
138,265,3
138,266,3
138,267,3
138,268,3
139,234,3
139,235,3
139,236,3
139,237,3
139,239,3
139,240,3
139,241,3
139,242,3
139,243,3
139,244,3
139,245,3
139,246,3
139,247,3
139,248,3
139,249,3
139,250,3
139,251,1
139,258,1
139,259,3
139,260,3
139,261,3
139,262,3
139,263,3
139,265,3
139,266,3
139,267,3
139,268,3
140,233,3
140,234,3
140,235,3
140,236,3
140,237,3
140,239,3
140,240,3
140,241,3
140,242,3
140,243,1
140,244,3
140,245,3
140,246,1
140,247,3
140,248,3
140,249,3
140,250,3
140,251,3
140,259,2
140,260,3
140,261,3
140,262,3
140,263,3
140,265,3
140,266,3
140,267,3
140,268,3
141,233,3
141,234,3
141,235,3
141,236,3
141,237,3
141,239,1
141,240,3
141,241,3
141,242,3
141,244,2
141,245,3
141,247,3
141,248,3
141,249,3
141,250,3
141,259,1
141,260,3
141,261,3
141,262,3
141,263,1
141,265,3
141,266,3
141,267,3
141,268,3
142,233,3
142,234,3
142,235,2
142,236,1
142,237,3
142,244,1
142,245,3
142,266,1
142,267,3
142,268,3
143,233,3
143,234,3
143,235,3
143,236,3
143,237,3
143,239,3
143,240,3
143,241,3
143,242,3
143,244,2
143,245,3
143,247,1
143,248,3
143,249,3
143,250,3
143,259,1
143,260,3
143,261,3
143,262,3
143,263,3
143,264,3
143,265,3
143,266,3
143,267,3
143,268,3
144,233,3
144,234,3
144,235,3
144,236,3
144,237,3
144,238,1
144,239,3
144,240,3
144,241,3
144,242,3
144,243,1
144,244,3
144,245,3
144,247,3
144,248,3
144,249,3
144,250,3
144,251,3
144,259,2
144,260,3
144,261,3
144,262,3
144,263,3
144,264,1
144,265,3
144,266,3
144,267,3
144,268,3
145,235,3
145,236,3
145,237,3
145,238,3
145,239,3
145,240,3
145,241,3
145,242,3
145,243,3
145,244,3
145,245,3
145,247,3
145,248,3
145,249,3
145,250,3
145,251,1
145,258,1
145,259,3
145,260,3
145,261,3
145,262,3
145,263,3
145,264,2
145,265,3
145,266,3
145,267,3
145,268,3
146,235,3
146,236,3
146,237,3
146,238,3
146,239,3
146,240,3
146,241,3
146,242,3
146,243,3
146,244,3
146,245,3
146,247,3
146,248,3
146,258,3
146,259,3
146,260,3
146,261,3
146,262,3
146,263,3
146,264,3
146,265,3
146,266,3
147,244,3
147,245,3
147,247,3
147,248,3
147,262,3
147,263,3
147,264,3
147,265,3
147,266,3
148,155,3
148,156,1
148,162,1
148,163,3
148,244,3
148,245,3
148,247,3
148,248,3
148,274,3
148,275,1
148,281,1
148,282,3
149,137,3
149,138,3
149,139,3
149,140,3
149,141,3
149,155,3
149,156,3
149,157,2
149,158,1
149,160,1
149,161,2
149,162,3
149,163,3
149,244,3
149,245,3
149,247,3
149,248,3
149,274,3
149,275,3
149,276,2
149,277,1
149,279,1
149,280,2
149,281,3
149,282,3
150,133,3
150,134,3
150,135,3
150,136,3
150,137,3
150,138,3
150,139,3
150,140,3
150,141,3
150,155,3
150,156,3
150,157,3
150,158,3
150,160,3
150,161,3
150,162,3
150,163,3
150,244,3
150,245,3
150,247,3
150,248,3
150,274,3
150,275,3
150,276,3
150,277,3
150,279,3
150,280,3
150,281,3
150,282,3
151,133,1
151,134,3
151,135,3
151,136,3
151,137,3
151,138,3
151,139,2
151,140,3
151,141,3
151,142,3
151,143,3
151,155,3
151,156,3
151,157,3
151,158,3
151,160,3
151,161,3
151,162,3
151,163,3
151,228,3
151,229,3
151,230,3
151,231,3
151,232,3
151,244,3
151,245,3
151,247,3
151,248,3
151,260,3
151,261,3
151,262,3
151,263,3
151,264,3
151,274,3
151,275,3
151,276,3
151,277,3
151,279,3
151,280,3
151,281,3
151,282,3
152,134,2
152,135,3
152,136,3
152,137,3
152,138,3
152,139,1
152,140,3
152,141,3
152,142,3
152,143,3
152,156,3
152,157,3
152,158,3
152,160,3
152,161,3
152,162,3
152,163,3
152,224,3
152,225,3
152,226,3
152,227,3
152,228,3
152,229,3
152,230,3
152,231,3
152,232,3
152,244,3
152,245,3
152,247,3
152,248,3
152,260,3
152,261,3
152,262,3
152,263,3
152,264,3
152,265,3
152,266,3
152,267,3
152,268,3
152,274,3
152,275,3
152,276,3
152,277,3
152,279,3
152,280,3
152,281,3
153,134,1
153,135,3
153,136,3
153,137,3
153,138,3
153,139,3
153,140,3
153,141,3
153,142,3
153,143,3
153,156,3
153,157,3
153,158,3
153,160,3
153,161,3
153,162,3
153,163,3
153,164,3
153,165,1
153,224,1
153,225,3
153,226,3
153,227,3
153,228,3
153,229,3
153,230,2
153,231,3
153,232,3
153,233,3
153,234,3
153,244,3
153,245,3
153,247,3
153,248,3
153,258,3
153,259,3
153,260,3
153,261,3
153,262,2
153,263,3
153,264,3
153,265,3
153,266,3
153,267,3
153,268,1
153,272,1
153,273,3
153,274,3
153,275,3
153,276,3
153,277,3
153,279,3
153,280,3
153,281,3
154,141,1
154,142,3
154,143,3
154,156,3
154,157,3
154,158,3
154,160,3
154,161,3
154,162,3
154,163,3
154,164,3
154,165,3
154,225,2
154,226,3
154,227,3
154,228,3
154,229,3
154,230,1
154,231,3
154,232,3
154,233,3
154,234,3
154,244,3
154,245,3
154,247,3
154,248,3
154,258,3
154,259,3
154,260,3
154,261,3
154,262,1
154,263,3
154,264,3
154,265,3
154,266,3
154,267,2
154,272,3
154,273,3
154,274,3
154,275,3
154,276,3
154,277,3
154,279,3
154,280,3
154,281,3
155,134,1
155,135,3
155,136,3
155,137,3
155,138,1
155,140,3
155,141,3
155,142,3
155,143,3
155,156,3
155,157,3
155,158,3
155,160,1
155,161,3
155,162,3
155,163,3
155,164,3
155,225,1
155,226,3
155,227,3
155,228,3
155,229,3
155,230,3
155,231,3
155,232,3
155,233,3
155,234,3
155,244,3
155,245,3
155,247,3
155,248,3
155,258,3
155,259,3
155,260,3
155,261,3
155,262,3
155,263,3
155,264,3
155,265,3
155,266,3
155,267,1
155,273,3
155,274,3
155,275,3
155,276,3
155,277,1
155,279,3
155,280,3
155,281,3
156,134,2
156,135,3
156,136,3
156,137,3
156,138,3
156,140,3
156,141,3
156,142,3
156,143,3
156,156,3
156,157,3
156,158,3
156,232,1
156,233,3
156,234,3
156,244,3
156,245,3
156,247,3
156,248,3
156,258,3
156,259,3
156,260,1
156,279,3
156,280,3
156,281,3
157,133,1
157,134,3
157,135,3
157,136,3
157,137,3
157,138,3
157,140,3
157,141,3
157,142,3
157,143,3
157,156,3
157,157,3
157,158,1
157,160,3
157,161,3
157,162,3
157,163,3
157,164,3
157,225,1
157,226,3
157,227,3
157,228,3
157,229,1
157,231,3
157,232,3
157,233,3
157,234,3
157,244,3
157,245,3
157,247,3
157,248,3
157,258,3
157,259,3
157,260,3
157,261,3
157,263,1
157,264,3
157,265,3
157,266,3
157,267,1
157,273,3
157,274,3
157,275,3
157,276,3
157,277,3
157,279,1
157,280,3
157,281,3
158,133,3
158,134,3
158,135,3
158,136,3
158,137,3
158,138,3
158,140,3
158,141,3
158,142,3
158,143,3
158,156,3
158,157,3
158,158,3
158,160,3
158,161,3
158,162,3
158,163,3
158,164,3
158,165,3
158,225,2
158,226,3
158,227,3
158,228,3
158,229,3
158,231,3
158,232,3
158,233,3
158,234,3
158,244,3
158,245,3
158,247,3
158,248,3
158,258,3
158,259,3
158,260,3
158,261,3
158,263,3
158,264,3
158,265,3
158,266,3
158,267,2
158,272,3
158,273,3
158,274,3
158,275,3
158,276,3
158,277,3
158,279,3
158,280,3
158,281,3
159,136,3
159,137,3
159,138,3
159,140,3
159,141,3
159,142,3
159,156,3
159,157,3
159,158,3
159,160,3
159,161,3
159,162,3
159,163,3
159,164,3
159,165,1
159,224,1
159,225,3
159,226,3
159,227,3
159,228,3
159,229,3
159,231,3
159,232,3
159,233,3
159,234,3
159,244,3
159,245,3
159,247,3
159,248,3
159,258,3
159,259,3
159,260,3
159,261,3
159,263,3
159,264,3
159,265,3
159,266,3
159,267,3
159,268,1
159,272,1
159,273,3
159,274,3
159,275,3
159,276,3
159,277,3
159,279,3
159,280,3
159,281,3
160,136,1
160,137,3
160,141,3
160,142,1
160,156,3
160,157,3
160,158,3
160,160,3
160,161,3
160,162,3
160,163,3
160,224,3
160,225,3
160,226,3
160,227,3
160,228,3
160,229,3
160,231,3
160,232,3
160,233,3
160,234,3
160,244,3
160,245,3
160,247,3
160,248,3
160,258,3
160,259,3
160,260,3
160,261,3
160,263,3
160,264,3
160,265,3
160,266,3
160,267,3
160,268,3
160,274,3
160,275,3
160,276,3
160,277,3
160,279,3
160,280,3
160,281,3
161,155,3
161,156,3
161,157,3
161,158,3
161,160,3
161,161,3
161,162,3
161,163,3
161,226,3
161,227,3
161,228,1
161,232,1
161,233,3
161,234,3
161,244,3
161,245,3
161,247,3
161,248,3
161,258,3
161,259,3
161,260,1
161,264,1
161,265,3
161,266,3
161,274,3
161,275,3
161,276,3
161,277,3
161,279,3
161,280,3
161,281,3
161,282,3
162,155,3
162,156,3
162,157,3
162,158,3
162,160,3
162,161,3
162,162,3
162,163,3
162,226,3
162,227,3
162,228,3
162,229,2
162,230,1
162,231,2
162,232,3
162,233,3
162,234,3
162,235,3
162,236,3
162,237,3
162,238,3
162,239,3
162,240,3
162,241,3
162,242,3
162,243,3
162,244,3
162,245,3
162,247,3
162,248,3
162,249,3
162,250,3
162,251,3
162,252,3
162,253,3
162,254,3
162,255,3
162,256,3
162,257,3
162,258,3
162,259,3
162,260,3
162,261,2
162,262,1
162,263,2
162,264,3
162,265,3
162,266,3
162,274,3
162,275,3
162,276,3
162,277,3
162,279,3
162,280,3
162,281,3
162,282,3
163,155,3
163,156,3
163,157,2
163,158,1
163,160,1
163,161,2
163,162,3
163,163,3
163,226,3
163,227,3
163,228,3
163,229,3
163,230,3
163,231,3
163,232,3
163,233,3
163,234,3
163,235,3
163,236,3
163,237,3
163,238,3
163,239,3
163,240,3
163,241,3
163,242,3
163,243,3
163,244,3
163,245,3
163,247,3
163,248,3
163,249,3
163,250,3
163,251,3
163,252,3
163,253,3
163,254,3
163,255,3
163,256,3
163,257,3
163,258,3
163,259,3
163,260,3
163,261,3
163,262,3
163,263,3
163,264,3
163,265,3
163,266,3
163,274,3
163,275,3
163,276,2
163,277,1
163,279,1
163,280,2
163,281,3
163,282,3
164,155,3
164,156,1
164,162,1
164,163,3
164,226,3
164,227,3
164,228,1
164,264,1
164,265,3
164,266,3
164,274,3
164,275,1
164,281,1
164,282,3
165,226,3
165,227,3
165,228,3
165,229,3
165,231,1
165,232,3
165,233,3
165,234,3
165,235,3
165,236,3
165,237,3
165,238,3
165,239,3
165,240,3
165,241,3
165,242,3
165,243,3
165,244,3
165,245,3
165,246,1
165,247,3
165,248,3
165,249,3
165,250,3
165,251,3
165,252,3
165,253,3
165,254,3
165,255,3
165,256,3
165,257,3
165,258,3
165,259,3
165,260,3
165,261,1
165,263,3
165,264,3
165,265,3
165,266,3
166,226,3
166,227,3
166,228,3
166,229,3
166,231,3
166,232,3
166,233,3
166,234,3
166,235,3
166,236,3
166,237,3
166,238,3
166,239,3
166,240,3
166,241,3
166,242,3
166,243,3
166,244,3
166,245,3
166,246,2
166,247,3
166,248,3
166,249,3
166,250,3
166,251,3
166,252,3
166,253,3
166,254,3
166,255,3
166,256,3
166,257,3
166,258,3
166,259,3
166,260,3
166,261,3
166,263,3
166,264,3
166,265,3
166,266,3
167,227,3
167,228,3
167,229,3
167,231,3
167,232,3
167,233,3
167,244,3
167,245,3
167,246,3
167,247,3
167,248,3
167,259,3
167,260,3
167,261,3
167,263,3
167,264,3
167,265,3
168,227,3
168,228,3
168,229,3
168,231,3
168,232,3
168,233,3
168,244,3
168,245,3
168,246,3
168,247,3
168,248,3
168,259,3
168,260,3
168,261,3
168,263,3
168,264,3
168,265,3
169,227,1
169,228,3
169,232,3
169,233,1
169,259,1
169,260,3
169,264,3
169,265,1
173,77,3
173,78,1
173,84,1
173,85,3
173,258,3
173,259,1
173,265,1
173,266,3
174,77,3
174,78,3
174,79,2
174,80,1
174,82,1
174,83,2
174,84,3
174,85,3
174,226,3
174,227,1
174,233,1
174,234,3
174,258,3
174,259,3
174,260,2
174,261,1
174,263,1
174,264,2
174,265,3
174,266,3
174,289,3
174,290,3
174,291,3
174,292,3
174,293,3
175,50,3
175,51,3
175,52,3
175,53,3
175,63,3
175,64,3
175,65,3
175,66,3
175,77,3
175,78,3
175,79,3
175,80,3
175,82,3
175,83,3
175,84,3
175,85,3
175,185,3
175,186,3
175,187,3
175,188,3
175,189,3
175,226,3
175,227,3
175,228,2
175,229,1
175,231,1
175,232,2
175,233,3
175,234,3
175,258,3
175,259,3
175,260,3
175,261,3
175,263,3
175,264,3
175,265,3
175,266,3
175,285,3
175,286,3
175,287,3
175,288,3
175,289,3
175,290,3
175,291,3
175,292,3
175,293,3
176,50,1
176,51,3
176,52,3
176,53,3
176,54,3
176,55,3
176,56,3
176,57,3
176,58,3
176,59,3
176,60,3
176,61,3
176,62,3
176,63,3
176,64,3
176,65,3
176,66,1
176,75,1
176,76,3
176,77,3
176,78,3
176,79,3
176,80,3
176,82,3
176,83,3
176,84,3
176,85,3
176,185,3
176,186,3
176,187,3
176,188,3
176,189,3
176,190,3
176,191,3
176,192,3
176,193,3
176,226,3
176,227,3
176,228,3
176,229,3
176,231,3
176,232,3
176,233,3
176,234,3
176,258,3
176,259,3
176,260,3
176,261,3
176,263,3
176,264,3
176,265,3
176,266,3
176,267,3
176,268,1
176,285,1
176,286,3
176,287,3
176,288,3
176,289,3
176,290,3
176,291,2
176,292,3
176,293,3
176,294,3
176,295,3
177,51,2
177,52,3
177,53,3
177,54,3
177,55,3
177,56,3
177,57,3
177,58,3
177,59,3
177,60,3
177,61,3
177,62,3
177,63,3
177,64,3
177,65,2
177,75,3
177,76,3
177,77,3
177,78,3
177,79,3
177,80,3
177,82,3
177,83,3
177,84,3
177,85,3
177,86,3
177,183,3
177,184,3
177,185,3
177,186,3
177,187,2
177,188,3
177,189,3
177,190,3
177,191,3
177,192,3
177,193,1
177,224,1
177,225,3
177,226,3
177,227,3
177,228,3
177,229,3
177,231,3
177,232,3
177,233,3
177,234,3
177,257,3
177,258,3
177,259,3
177,260,3
177,261,3
177,263,3
177,264,3
177,265,3
177,266,3
177,267,3
177,268,3
177,286,2
177,287,3
177,288,3
177,289,3
177,290,3
177,291,1
177,292,3
177,293,3
177,294,3
177,295,3
178,51,1
178,52,3
178,53,3
178,54,3
178,55,3
178,56,3
178,57,3
178,58,3
178,59,1
178,60,3
178,61,3
178,62,3
178,63,3
178,64,3
178,65,1
178,76,3
178,77,3
178,78,3
178,79,3
178,80,1
178,82,3
178,83,3
178,84,3
178,85,3
178,86,3
178,183,3
178,184,3
178,185,3
178,186,3
178,187,1
178,188,3
178,189,3
178,190,3
178,191,3
178,192,2
178,224,3
178,225,3
178,226,3
178,227,3
178,228,3
178,229,3
178,231,3
178,232,3
178,233,3
178,234,3
178,235,3
178,257,3
178,258,3
178,259,3
178,260,3
178,261,3
178,263,1
178,264,3
178,265,3
178,266,3
178,267,3
178,286,1
178,287,3
178,288,3
178,289,3
178,290,3
178,291,3
178,292,3
178,293,3
178,294,3
178,295,3
179,82,3
179,83,1
179,84,2
179,85,3
179,86,3
179,183,3
179,184,3
179,185,3
179,186,3
179,187,3
179,188,3
179,189,3
179,190,3
179,191,3
179,192,1
179,225,3
179,226,3
179,227,3
179,228,3
179,229,1
179,231,3
179,232,3
179,233,3
179,234,3
179,235,3
179,257,3
179,258,3
179,259,2
179,260,1
179,261,3
179,293,1
179,294,3
179,295,3
180,51,1
180,52,3
180,53,3
180,54,3
180,55,3
180,56,3
180,57,1
180,59,3
180,60,3
180,61,3
180,62,3
180,63,3
180,64,3
180,65,1
180,76,3
180,77,3
180,78,3
180,79,3
180,80,3
180,82,3
180,83,3
180,84,3
180,85,3
180,86,3
180,183,3
180,184,3
180,185,1
180,231,3
180,232,1
180,233,2
180,234,3
180,235,3
180,257,3
180,258,3
180,259,3
180,260,3
180,261,3
180,263,3
180,264,3
180,265,3
180,266,3
180,267,3
180,286,1
180,287,3
180,288,3
180,289,3
180,290,1
180,292,3
180,293,3
180,294,3
180,295,3
181,51,2
181,52,3
181,53,3
181,54,3
181,55,3
181,56,3
181,57,3
181,59,3
181,60,3
181,61,3
181,62,3
181,63,3
181,64,3
181,65,2
181,75,3
181,76,3
181,77,3
181,78,3
181,79,3
181,80,3
181,81,1
181,82,3
181,83,3
181,84,3
181,85,3
181,86,3
181,183,3
181,184,3
181,185,3
181,186,3
181,188,1
181,189,3
181,190,3
181,191,3
181,192,1
181,225,3
181,226,3
181,227,3
181,228,3
181,229,3
181,231,3
181,232,3
181,233,3
181,234,3
181,235,3
181,257,3
181,258,3
181,259,3
181,260,3
181,261,3
181,262,1
181,263,3
181,264,3
181,265,3
181,266,3
181,267,3
181,268,3
181,286,2
181,287,3
181,288,3
181,289,3
181,290,3
181,292,3
181,293,3
181,294,3
181,295,3
182,50,1
182,51,3
182,52,3
182,53,3
182,54,3
182,55,3
182,56,3
182,57,3
182,59,3
182,60,3
182,61,3
182,62,3
182,63,3
182,64,3
182,65,3
182,66,1
182,75,1
182,76,3
182,77,3
182,78,3
182,79,3
182,80,3
182,81,3
182,82,3
182,83,3
182,84,3
182,183,3
182,184,3
182,185,3
182,186,3
182,188,3
182,189,3
182,190,3
182,191,3
182,192,2
182,224,3
182,225,3
182,226,3
182,227,3
182,228,3
182,229,3
182,230,1
182,231,3
182,232,3
182,233,3
182,234,3
182,235,3
182,259,3
182,260,3
182,261,3
182,262,3
182,263,3
182,264,3
182,265,3
182,266,3
182,267,3
182,268,1
182,285,1
182,286,3
182,287,3
182,288,3
182,289,3
182,290,3
182,292,3
182,293,3
182,294,3
182,295,3
183,50,3
183,51,3
183,52,3
183,53,3
183,54,3
183,55,3
183,56,3
183,57,3
183,59,3
183,60,3
183,61,3
183,62,3
183,63,3
183,64,3
183,65,3
183,66,3
183,77,3
183,78,3
183,79,3
183,80,3
183,81,3
183,82,3
183,83,3
183,84,3
183,183,3
183,184,3
183,185,3
183,186,3
183,188,3
183,189,3
183,190,3
183,191,3
183,192,3
183,193,1
183,224,1
183,225,3
183,226,3
183,227,3
183,228,3
183,229,3
183,230,3
183,231,3
183,232,3
183,233,3
183,259,3
183,260,3
183,261,3
183,262,3
183,263,3
183,264,3
183,265,3
183,266,3
183,285,3
183,286,3
183,287,3
183,288,3
183,289,3
183,290,3
183,292,3
183,293,3
183,294,3
183,295,3
184,55,3
184,56,3
184,57,3
184,59,3
184,60,3
184,61,3
184,183,3
184,184,3
184,185,3
184,186,3
184,188,3
184,189,3
184,190,3
184,191,3
184,192,3
184,193,3
184,226,3
184,227,3
184,228,3
184,229,3
184,230,3
184,231,3
184,232,3
184,233,3
184,288,3
184,289,3
184,290,3
184,292,3
184,293,3
184,294,3
185,55,1
185,56,3
185,60,3
185,61,1
185,184,3
185,185,3
185,186,3
185,188,3
185,189,3
185,190,3
185,288,1
185,289,3
185,293,3
185,294,1
186,184,1
186,185,3
186,189,3
186,190,1
189,287,3
189,288,1
189,294,1
189,295,3
189,299,1
189,300,3
189,304,3
189,305,1
190,287,3
190,288,3
190,289,2
190,290,1
190,292,1
190,293,2
190,294,3
190,295,3
190,296,3
190,297,3
190,298,3
190,299,3
190,300,3
190,301,3
190,303,3
190,304,3
190,305,3
191,287,3
191,288,3
191,289,3
191,290,3
191,292,3
191,293,3
191,294,3
191,295,3
191,296,3
191,297,3
191,298,3
191,299,3
191,300,3
191,301,3
191,303,3
191,304,3
191,305,3
192,287,3
192,288,3
192,289,3
192,290,3
192,292,3
192,293,3
192,294,3
192,295,3
192,296,3
192,297,3
192,298,3
192,299,3
192,300,3
192,301,3
192,303,3
192,304,3
192,305,3
193,95,3
193,96,3
193,97,3
193,98,3
193,99,3
193,286,3
193,287,3
193,288,3
193,289,3
193,290,3
193,292,3
193,293,3
193,294,3
193,295,3
193,296,3
193,297,3
193,298,3
193,299,1
193,300,3
193,301,3
193,303,3
193,304,3
193,305,3
194,70,3
194,71,3
194,72,3
194,73,3
194,74,3
194,75,3
194,76,3
194,77,3
194,91,3
194,92,3
194,93,3
194,94,3
194,95,3
194,96,3
194,97,3
194,98,3
194,99,3
194,286,3
194,287,3
194,288,3
194,289,3
194,290,3
194,292,1
194,293,3
194,294,3
194,295,3
194,296,3
194,297,3
194,298,3
194,300,2
194,301,3
194,303,1
194,304,3
194,305,3
195,70,3
195,71,3
195,72,3
195,73,3
195,74,3
195,75,3
195,76,3
195,77,3
195,78,3
195,79,1
195,91,1
195,92,3
195,93,3
195,94,3
195,95,3
195,96,3
195,97,2
195,98,3
195,99,3
195,100,3
195,101,3
195,286,3
195,287,3
195,288,2
195,289,1
195,290,3
195,300,1
195,301,3
196,68,3
196,69,3
196,70,3
196,71,3
196,72,3
196,73,1
196,74,3
196,75,3
196,76,3
196,77,3
196,78,3
196,79,3
196,92,2
196,93,3
196,94,3
196,95,3
196,96,3
196,97,1
196,98,3
196,99,3
196,100,3
196,101,3
196,286,3
196,287,3
196,288,3
196,289,3
196,290,3
196,292,3
196,293,3
196,294,3
196,295,3
196,296,3
196,297,3
196,298,3
196,300,2
196,301,3
196,303,1
196,304,3
196,305,3
197,68,3
197,69,3
197,70,3
197,71,3
197,72,3
197,74,3
197,75,3
197,76,3
197,77,3
197,78,3
197,92,1
197,93,3
197,94,3
197,95,3
197,96,3
197,97,3
197,98,3
197,99,3
197,100,3
197,101,3
197,286,3
197,287,3
197,288,3
197,289,3
197,290,3
197,291,1
197,292,3
197,293,3
197,294,3
197,295,3
197,296,3
197,297,3
197,298,3
197,299,1
197,300,3
197,301,3
197,303,3
197,304,3
197,305,3
198,68,3
198,69,3
198,70,2
198,71,1
198,72,3
198,99,1
198,100,3
198,101,3
198,288,3
198,289,3
198,290,3
198,291,3
198,292,3
198,293,3
198,294,3
198,295,3
198,296,3
198,297,3
198,298,3
198,299,3
198,300,3
198,301,3
198,303,3
198,304,3
198,305,3
199,68,3
199,69,3
199,70,3
199,71,3
199,72,3
199,74,1
199,75,3
199,76,3
199,77,3
199,78,3
199,92,1
199,93,3
199,94,3
199,95,3
199,96,1
199,98,3
199,99,3
199,100,3
199,101,3
199,288,3
199,289,3
199,290,3
199,291,3
199,292,3
199,293,3
199,294,3
199,295,3
199,296,3
199,297,3
199,298,3
199,299,3
199,300,3
199,301,3
199,303,3
199,304,3
199,305,3
200,68,3
200,69,3
200,70,3
200,71,3
200,72,3
200,74,3
200,75,3
200,76,3
200,77,3
200,78,3
200,79,3
200,92,2
200,93,3
200,94,3
200,95,3
200,96,3
200,98,3
200,99,3
200,100,3
200,101,3
200,296,3
200,297,3
200,298,3
200,299,3
200,300,3
200,301,3
200,303,3
200,304,3
200,305,3
201,69,3
201,70,3
201,71,3
201,72,3
201,74,3
201,75,3
201,76,3
201,77,3
201,78,3
201,79,1
201,91,1
201,92,3
201,93,3
201,94,3
201,95,3
201,96,3
201,98,3
201,99,3
201,100,3
201,101,3
201,299,1
201,300,3
201,304,3
201,305,1
202,69,3
202,70,3
202,71,3
202,72,3
202,74,3
202,75,3
202,76,3
202,77,3
202,91,3
202,92,3
202,93,3
202,94,3
202,95,3
202,96,3
202,98,3
202,99,3
202,100,3
202,101,3
203,69,3
203,70,3
203,71,2
203,72,1
203,74,1
203,75,2
203,76,3
203,77,3
203,94,3
203,95,3
203,96,3
203,98,3
203,99,3
203,100,3
203,317,3
203,318,1
203,324,1
203,325,3
204,69,3
204,70,1
204,76,1
204,77,3
204,94,1
204,95,3
204,99,3
204,100,1
204,317,3
204,318,3
204,319,2
204,320,1
204,322,1
204,323,2
204,324,3
204,325,3
205,317,3
205,318,3
205,319,3
205,320,3
205,322,3
205,323,3
205,324,3
205,325,3
206,215,3
206,216,3
206,217,3
206,218,3
206,219,3
206,317,3
206,318,3
206,319,3
206,320,3
206,322,3
206,323,3
206,324,3
206,325,3
207,215,3
207,216,3
207,217,3
207,218,3
207,219,3
207,220,3
207,221,3
207,222,3
207,223,3
207,317,3
207,318,3
207,319,3
207,320,3
207,322,3
207,323,3
207,324,3
208,213,3
208,214,3
208,215,3
208,216,3
208,217,2
208,218,3
208,219,3
208,220,3
208,221,3
208,222,3
208,223,1
208,315,1
208,316,3
208,317,3
208,318,3
208,319,3
208,320,3
208,322,3
208,323,3
208,324,3
209,213,3
209,214,3
209,215,3
209,216,3
209,217,1
209,218,3
209,219,3
209,220,3
209,221,3
209,222,2
209,315,3
209,316,3
209,317,3
209,318,3
209,319,3
209,320,3
209,322,3
209,323,3
209,324,3
210,93,3
210,94,1
210,100,1
210,101,3
210,124,1
210,125,3
210,129,3
210,130,1
210,213,3
210,214,3
210,215,3
210,216,3
210,217,3
210,218,3
210,219,3
210,220,3
210,221,3
210,222,1
210,316,3
210,317,3
210,318,3
210,319,3
210,320,1
210,322,3
210,323,3
210,324,3
211,93,3
211,94,3
211,95,2
211,96,1
211,98,1
211,99,2
211,100,3
211,101,3
211,124,3
211,125,3
211,126,3
211,128,3
211,129,3
211,130,3
211,213,3
211,214,3
211,215,1
211,322,3
211,323,3
211,324,3
212,93,3
212,94,3
212,95,3
212,96,3
212,98,3
212,99,3
212,100,3
212,101,3
212,102,3
212,103,3
212,104,3
212,105,3
212,106,3
212,107,3
212,121,3
212,122,3
212,123,3
212,124,3
212,125,3
212,126,3
212,128,3
212,129,3
212,130,3
212,131,3
212,213,3
212,214,3
212,215,3
212,216,3
212,218,1
212,219,3
212,220,3
212,221,3
212,222,1
212,316,3
212,317,3
212,318,3
212,319,3
212,320,3
212,322,1
212,323,3
212,324,3
213,93,3
213,94,3
213,95,3
213,96,3
213,98,3
213,99,3
213,100,3
213,101,3
213,102,3
213,103,3
213,104,3
213,105,3
213,106,3
213,107,3
213,108,3
213,109,3
213,110,1
213,121,1
213,122,3
213,123,3
213,124,3
213,125,3
213,126,3
213,128,3
213,129,3
213,130,3
213,131,3
213,213,3
213,214,3
213,215,3
213,216,3
213,218,3
213,219,3
213,220,3
213,221,3
213,222,2
213,315,3
213,316,3
213,317,3
213,318,3
213,319,3
213,320,3
213,322,3
213,323,3
213,324,3
214,92,3
214,93,3
214,94,3
214,95,3
214,96,3
214,98,3
214,99,3
214,100,3
214,101,3
214,102,1
214,103,3
214,104,3
214,105,1
214,106,3
214,107,3
214,108,3
214,109,3
214,110,3
214,122,2
214,123,3
214,124,3
214,125,3
214,126,3
214,128,3
214,129,3
214,130,3
214,131,3
214,213,3
214,214,3
214,215,3
214,216,3
214,218,3
214,219,3
214,220,3
214,221,3
214,222,3
214,223,1
214,315,1
214,316,3
214,317,3
214,318,3
214,319,3
214,320,3
214,322,3
214,323,3
214,324,3
215,92,3
215,93,3
215,94,3
215,95,3
215,96,3
215,98,1
215,99,3
215,100,3
215,101,3
215,103,2
215,104,3
215,106,3
215,107,3
215,108,3
215,109,3
215,122,1
215,123,3
215,124,3
215,125,3
215,126,1
215,128,3
215,129,3
215,130,3
215,131,3
215,213,3
215,214,3
215,215,3
215,216,3
215,218,3
215,219,3
215,220,3
215,221,3
215,222,3
215,223,3
215,317,3
215,318,3
215,319,3
215,320,3
215,322,3
215,323,3
215,324,3
216,92,3
216,93,3
216,94,2
216,95,1
216,96,3
216,103,1
216,104,3
216,129,1
216,130,3
216,131,3
216,214,3
216,215,3
216,216,3
216,218,3
216,219,3
216,220,3
216,317,3
216,318,3
216,319,3
216,320,3
216,322,3
216,323,3
216,324,3
216,325,3
217,92,3
217,93,3
217,94,3
217,95,3
217,96,3
217,98,3
217,99,3
217,100,3
217,101,3
217,103,2
217,104,3
217,106,1
217,107,3
217,108,3
217,109,3
217,122,1
217,123,3
217,124,3
217,125,3
217,126,3
217,127,3
217,128,3
217,129,3
217,130,3
217,131,3
217,214,1
217,215,3
217,219,3
217,220,1
217,317,3
217,318,3
217,319,3
217,320,3
217,322,3
217,323,3
217,324,3
217,325,3
218,92,3
218,93,3
218,94,3
218,95,3
218,96,3
218,97,1
218,98,3
218,99,3
218,100,3
218,101,3
218,102,1
218,103,3
218,104,3
218,106,3
218,107,3
218,108,3
218,109,3
218,110,3
218,122,2
218,123,3
218,124,3
218,125,3
218,126,3
218,127,1
218,128,3
218,129,3
218,130,3
218,131,3
218,317,3
218,318,3
218,319,2
218,320,1
218,322,1
218,323,2
218,324,3
218,325,3
219,94,3
219,95,3
219,96,3
219,97,3
219,98,3
219,99,3
219,100,3
219,101,3
219,102,3
219,103,3
219,104,3
219,106,3
219,107,3
219,108,3
219,109,3
219,110,1
219,121,1
219,122,3
219,123,3
219,124,3
219,125,3
219,126,3
219,127,2
219,128,3
219,129,3
219,130,3
219,131,3
219,317,3
219,318,1
219,324,1
219,325,3
220,94,3
220,95,3
220,96,3
220,97,3
220,98,3
220,99,3
220,100,3
220,101,3
220,102,3
220,103,3
220,104,3
220,106,3
220,107,3
220,121,3
220,122,3
220,123,3
220,124,3
220,125,3
220,126,3
220,127,3
220,128,3
220,129,3
221,103,3
221,104,3
221,106,3
221,107,3
221,125,3
221,126,3
221,127,3
221,128,3
221,129,3
222,103,3
222,104,3
222,106,3
222,107,3
222,135,3
222,136,1
222,142,1
222,143,3
223,103,3
223,104,3
223,106,3
223,107,3
223,135,3
223,136,3
223,137,2
223,138,1
223,140,1
223,141,2
223,142,3
223,143,3
223,203,1
223,204,3
223,208,3
223,209,1
223,213,3
223,214,1
223,220,1
223,221,3
224,54,3
224,55,1
224,61,1
224,62,3
224,103,3
224,104,3
224,106,3
224,107,3
224,135,3
224,136,3
224,137,3
224,138,3
224,140,3
224,141,3
224,142,3
224,143,3
224,203,3
224,204,3
224,205,3
224,207,3
224,208,3
224,209,3
224,210,3
224,211,3
224,212,3
224,213,3
224,214,3
224,215,2
224,216,1
224,218,1
224,219,2
224,220,3
224,221,3
225,54,3
225,55,3
225,56,2
225,57,1
225,59,1
225,60,2
225,61,3
225,62,3
225,87,3
225,88,3
225,89,3
225,90,3
225,91,3
225,103,3
225,104,3
225,106,3
225,107,3
225,119,3
225,120,3
225,121,3
225,122,3
225,123,3
225,135,3
225,136,3
225,137,3
225,138,3
225,140,3
225,141,3
225,142,3
225,143,3
225,203,3
225,204,3
225,205,3
225,207,3
225,208,3
225,209,3
225,210,3
225,211,3
225,212,3
225,213,3
225,214,3
225,215,3
225,216,3
225,218,3
225,219,3
225,220,3
225,221,3
226,54,3
226,55,3
226,56,3
226,57,3
226,59,3
226,60,3
226,61,3
226,62,3
226,83,3
226,84,3
226,85,3
226,86,3
226,87,3
226,88,3
226,89,3
226,90,3
226,91,3
226,103,3
226,104,3
226,106,3
226,107,3
226,119,3
226,120,3
226,121,3
226,122,3
226,123,3
226,124,3
226,125,3
226,126,3
226,127,3
226,135,3
226,136,3
226,137,3
226,138,3
226,140,3
226,141,3
226,142,3
226,203,3
226,204,3
226,205,3
226,207,3
226,208,3
226,209,3
226,210,3
226,211,3
226,212,3
226,213,3
226,214,3
226,215,3
226,216,3
226,218,3
226,219,3
226,220,3
226,221,3
227,54,3
227,55,3
227,56,3
227,57,3
227,59,3
227,60,3
227,61,3
227,62,3
227,63,3
227,64,1
227,83,1
227,84,3
227,85,3
227,86,3
227,87,3
227,88,3
227,89,2
227,90,3
227,91,3
227,92,3
227,93,3
227,103,3
227,104,3
227,106,3
227,107,3
227,117,3
227,118,3
227,119,3
227,120,3
227,121,2
227,122,3
227,123,3
227,124,3
227,125,3
227,126,3
227,127,1
227,133,1
227,134,3
227,135,3
227,136,3
227,137,3
227,138,3
227,140,3
227,141,3
227,142,3
227,203,3
227,204,3
227,205,3
227,207,3
227,208,3
227,209,1
227,210,3
227,211,3
227,212,3
227,213,3
227,214,3
227,215,3
227,216,3
227,218,3
227,219,3
227,220,3
227,221,3
227,222,3
228,53,3
228,54,3
228,55,3
228,56,3
228,57,3
228,59,3
228,60,3
228,61,3
228,62,3
228,63,3
228,64,3
228,84,2
228,85,3
228,86,3
228,87,3
228,88,3
228,89,1
228,90,3
228,91,3
228,92,3
228,93,3
228,103,3
228,104,3
228,106,3
228,107,3
228,117,3
228,118,3
228,119,3
228,120,3
228,121,1
228,122,3
228,123,3
228,124,3
228,125,3
228,126,2
228,133,3
228,134,3
228,135,3
228,136,3
228,137,3
228,138,3
228,140,3
228,141,3
228,142,3
228,203,3
228,204,3
228,205,1
228,207,3
228,208,2
228,210,3
228,211,3
228,212,3
228,213,3
228,214,3
228,215,3
228,216,1
228,218,3
228,219,3
228,220,3
228,221,3
228,222,3
229,53,3
229,54,3
229,55,3
229,56,3
229,57,3
229,59,1
229,60,3
229,61,3
229,62,3
229,63,3
229,84,1
229,85,3
229,86,3
229,87,3
229,88,3
229,89,3
229,90,3
229,91,3
229,92,3
229,93,3
229,103,3
229,104,3
229,106,3
229,107,3
229,117,3
229,118,3
229,119,3
229,120,3
229,121,3
229,122,3
229,123,3
229,124,3
229,125,3
229,126,1
229,134,3
229,135,3
229,136,3
229,137,3
229,138,1
229,140,3
229,141,3
229,142,3
229,207,3
229,208,1
229,218,3
229,219,1
229,220,2
229,221,3
229,222,3
230,53,3
230,54,3
230,55,2
230,56,1
230,57,3
230,91,1
230,92,3
230,93,3
230,103,3
230,104,3
230,106,3
230,107,3
230,117,3
230,118,3
230,119,1
230,140,3
230,141,3
230,142,3
230,203,3
230,204,3
230,205,1
230,207,3
230,208,2
230,210,3
230,211,3
230,212,3
230,213,3
230,214,3
230,215,3
230,216,3
230,218,3
230,219,3
230,220,3
230,221,3
230,222,3
231,53,3
231,54,3
231,55,3
231,56,3
231,57,3
231,59,3
231,60,3
231,61,3
231,62,3
231,63,3
231,84,1
231,85,3
231,86,3
231,87,3
231,88,1
231,90,3
231,91,3
231,92,3
231,93,3
231,103,3
231,104,3
231,106,3
231,107,3
231,117,3
231,118,3
231,119,3
231,120,3
231,122,1
231,123,3
231,124,3
231,125,3
231,126,1
231,134,3
231,135,3
231,136,3
231,137,3
231,138,3
231,140,1
231,141,3
231,142,3
231,203,3
231,204,3
231,205,3
231,207,3
231,208,3
231,209,1
231,210,3
231,211,3
231,212,3
231,213,3
231,214,3
231,215,3
231,216,3
231,217,1
231,218,3
231,219,3
231,220,3
231,221,3
231,222,3
232,53,3
232,54,3
232,55,3
232,56,3
232,57,3
232,58,1
232,59,3
232,60,3
232,61,3
232,62,3
232,63,3
232,64,3
232,84,2
232,85,3
232,86,3
232,87,3
232,88,3
232,90,3
232,91,3
232,92,3
232,93,3
232,103,3
232,104,3
232,106,3
232,107,3
232,117,3
232,118,3
232,119,3
232,120,3
232,122,3
232,123,3
232,124,3
232,125,3
232,126,2
232,133,3
232,134,3
232,135,3
232,136,3
232,137,3
232,138,3
232,140,3
232,141,3
232,142,3
232,203,3
232,204,3
232,205,3
232,207,3
232,208,3
232,209,3
232,210,3
232,211,3
232,212,3
232,213,3
232,214,3
232,215,3
232,216,3
232,217,3
232,218,3
232,219,3
232,220,3
233,55,3
233,56,3
233,57,3
233,58,3
233,59,3
233,60,3
233,61,3
233,62,3
233,63,3
233,64,1
233,83,1
233,84,3
233,85,3
233,86,3
233,87,3
233,88,3
233,90,3
233,91,3
233,92,3
233,93,3
233,103,3
233,104,3
233,106,3
233,107,3
233,117,3
233,118,3
233,119,3
233,120,3
233,122,3
233,123,3
233,124,3
233,125,3
233,126,3
233,127,1
233,133,1
233,134,3
233,135,3
233,136,3
233,137,3
233,138,3
233,140,3
233,141,3
233,142,3
233,183,3
233,184,1
233,190,1
233,191,3
233,203,3
233,204,3
233,205,3
233,207,3
233,208,3
233,209,3
233,210,3
233,211,3
233,212,3
233,213,3
233,214,3
233,215,3
233,216,3
233,217,3
233,218,3
233,219,3
233,220,3
234,55,3
234,56,3
234,57,3
234,58,3
234,59,3
234,60,3
234,61,3
234,62,3
234,83,3
234,84,3
234,85,3
234,86,3
234,87,3
234,88,3
234,90,3
234,91,3
234,92,3
234,93,3
234,103,3
234,104,3
234,106,3
234,107,3
234,117,3
234,118,3
234,119,3
234,120,3
234,122,3
234,123,3
234,124,3
234,125,3
234,126,3
234,127,3
234,135,3
234,136,3
234,137,3
234,138,3
234,140,3
234,141,3
234,142,3
234,168,3
234,169,3
234,170,3
234,171,3
234,172,3
234,183,3
234,184,3
234,185,2
234,186,1
234,188,1
234,189,2
234,190,3
234,191,3
234,203,3
234,204,3
234,205,3
234,207,3
234,208,3
234,209,3
234,210,3
234,211,3
234,212,3
234,275,1
234,276,3
234,280,3
234,281,1
235,85,3
235,86,3
235,87,1
235,91,1
235,92,3
235,93,3
235,103,3
235,104,3
235,106,3
235,107,3
235,117,3
235,118,3
235,119,1
235,123,1
235,124,3
235,125,3
235,135,3
235,136,3
235,137,3
235,138,3
235,140,3
235,141,3
235,142,3
235,143,3
235,168,3
235,169,3
235,170,3
235,171,3
235,172,3
235,173,3
235,174,3
235,175,3
235,176,3
235,183,3
235,184,3
235,185,3
235,186,3
235,188,3
235,189,3
235,190,3
235,191,3
235,203,1
235,204,3
235,208,3
235,209,1
235,272,3
235,273,3
235,274,3
235,275,3
235,276,3
235,277,3
235,279,3
235,280,3
235,281,3
236,85,3
236,86,3
236,87,3
236,88,2
236,89,1
236,90,2
236,91,3
236,92,3
236,93,3
236,94,3
236,95,3
236,96,3
236,97,3
236,98,3
236,99,3
236,100,3
236,101,3
236,102,3
236,103,3
236,104,3
236,106,3
236,107,3
236,108,3
236,109,3
236,110,3
236,111,3
236,112,3
236,113,3
236,114,3
236,115,3
236,116,3
236,117,3
236,118,3
236,119,3
236,120,2
236,121,1
236,122,2
236,123,3
236,124,3
236,125,3
236,135,3
236,136,3
236,137,3
236,138,3
236,140,3
236,141,3
236,142,3
236,143,3
236,166,3
236,167,3
236,168,3
236,169,3
236,170,2
236,171,3
236,172,3
236,173,3
236,174,3
236,175,3
236,176,1
236,181,1
236,182,3
236,183,3
236,184,3
236,185,3
236,186,3
236,188,3
236,189,3
236,190,3
236,191,3
236,264,3
236,265,3
236,266,3
236,267,3
236,268,3
236,269,3
236,270,3
236,271,3
236,272,3
236,273,3
236,274,3
236,275,3
236,276,3
236,277,3
236,279,3
236,280,3
236,281,3
237,85,3
237,86,3
237,87,3
237,88,3
237,89,3
237,90,3
237,91,3
237,92,3
237,93,3
237,94,3
237,95,3
237,96,3
237,97,3
237,98,3
237,99,3
237,100,3
237,101,3
237,102,3
237,103,3
237,104,3
237,106,3
237,107,3
237,108,3
237,109,3
237,110,3
237,111,3
237,112,3
237,113,3
237,114,3
237,115,3
237,116,3
237,117,3
237,118,3
237,119,3
237,120,3
237,121,3
237,122,3
237,123,3
237,124,3
237,125,3
237,135,3
237,136,3
237,137,2
237,138,1
237,140,1
237,141,2
237,142,3
237,143,3
237,166,3
237,167,3
237,168,3
237,169,3
237,170,1
237,171,3
237,172,3
237,173,3
237,174,3
237,175,2
237,181,3
237,182,3
237,183,3
237,184,3
237,185,3
237,186,3
237,188,3
237,189,3
237,190,3
237,191,3
237,192,3
237,264,3
237,265,3
237,266,3
237,267,3
237,268,3
237,269,3
237,270,3
237,271,3
237,272,3
237,273,3
237,274,3
237,275,3
237,276,3
237,277,3
237,279,3
237,280,3
237,281,3
238,85,3
238,86,3
238,87,1
238,123,1
238,124,3
238,125,3
238,135,3
238,136,1
238,142,1
238,143,3
238,166,3
238,167,3
238,168,3
238,169,3
238,170,3
238,171,3
238,172,3
238,173,3
238,174,3
238,175,1
238,182,3
238,183,3
238,184,3
238,185,3
238,186,1
238,188,3
238,189,3
238,190,3
238,191,3
238,192,3
238,262,3
238,263,3
238,264,3
238,265,3
238,266,3
238,267,1
238,268,3
238,269,3
238,270,3
238,271,3
238,272,3
238,273,3
238,274,3
238,275,1
238,276,3
238,277,3
238,279,3
238,280,3
238,281,3
239,85,3
239,86,3
239,87,3
239,88,3
239,90,1
239,91,3
239,92,3
239,93,3
239,94,3
239,95,3
239,96,3
239,97,3
239,98,3
239,99,3
239,100,3
239,101,3
239,102,3
239,103,3
239,104,3
239,105,1
239,106,3
239,107,3
239,108,3
239,109,3
239,110,3
239,111,3
239,112,3
239,113,3
239,114,3
239,115,3
239,116,3
239,117,3
239,118,3
239,119,3
239,120,1
239,122,3
239,123,3
239,124,3
239,125,3
239,166,3
239,167,3
239,168,1
239,188,3
239,189,1
239,190,2
239,191,3
239,192,3
239,262,3
239,263,3
239,264,3
239,265,3
239,266,3
239,268,3
239,269,3
239,270,3
239,271,3
239,272,3
239,273,3
239,274,3
239,276,2
239,277,3
239,279,1
239,280,3
239,281,3
240,85,3
240,86,3
240,87,3
240,88,3
240,90,3
240,91,3
240,92,3
240,93,3
240,94,3
240,95,3
240,96,3
240,97,3
240,98,3
240,99,3
240,100,3
240,101,3
240,102,3
240,103,3
240,104,3
240,105,2
240,106,3
240,107,3
240,108,3
240,109,3
240,110,3
240,111,3
240,112,3
240,113,3
240,114,3
240,115,3
240,116,3
240,117,3
240,118,3
240,119,3
240,120,3
240,122,3
240,123,3
240,124,3
240,125,3
240,166,3
240,167,3
240,168,3
240,169,3
240,171,1
240,172,3
240,173,3
240,174,3
240,175,1
240,182,3
240,183,3
240,184,3
240,185,3
240,186,3
240,188,3
240,189,3
240,190,3
240,191,3
240,192,3
240,262,3
240,263,3
240,264,2
240,265,1
240,266,3
240,276,1
240,277,3
241,86,3
241,87,3
241,88,3
241,90,3
241,91,3
241,92,3
241,103,3
241,104,3
241,105,3
241,106,3
241,107,3
241,118,3
241,119,3
241,120,3
241,122,3
241,123,3
241,124,3
241,166,3
241,167,3
241,168,3
241,169,3
241,171,3
241,172,3
241,173,3
241,174,3
241,175,2
241,181,3
241,182,3
241,183,3
241,184,3
241,185,3
241,186,3
241,187,1
241,188,3
241,189,3
241,190,3
241,191,3
241,192,3
241,262,3
241,263,3
241,264,3
241,265,3
241,266,3
241,268,1
241,269,3
241,270,3
241,271,3
241,272,3
241,273,3
241,274,3
241,276,2
241,277,3
241,279,1
241,280,3
241,281,3
242,86,3
242,87,3
242,88,3
242,90,3
242,91,3
242,92,3
242,103,3
242,104,3
242,105,3
242,106,3
242,107,3
242,118,3
242,119,3
242,120,3
242,122,3
242,123,3
242,124,3
242,166,3
242,167,3
242,168,3
242,169,3
242,171,3
242,172,3
242,173,3
242,174,3
242,175,3
242,176,1
242,181,1
242,182,3
242,183,3
242,184,3
242,185,3
242,186,3
242,187,3
242,188,3
242,189,3
242,190,3
242,262,3
242,263,3
242,264,3
242,265,3
242,266,3
242,268,3
242,269,3
242,270,3
242,271,3
242,272,3
242,273,3
242,274,3
242,275,1
242,276,3
242,277,3
242,279,3
242,280,3
242,281,3
243,86,1
243,87,3
243,91,3
243,92,1
243,118,1
243,119,3
243,123,3
243,124,1
243,166,3
243,167,3
243,168,3
243,169,3
243,171,3
243,172,3
243,173,3
243,174,3
243,175,3
243,176,3
243,183,3
243,184,3
243,185,3
243,186,3
243,187,3
243,188,3
243,189,3
243,190,3
243,263,3
243,264,3
243,265,3
243,266,3
243,268,3
243,269,3
243,270,3
243,271,3
243,272,3
243,273,3
243,274,3
243,275,3
243,276,3
243,277,3
243,279,3
243,280,3
243,281,3
244,136,1
244,137,3
244,141,3
244,142,1
244,165,3
244,166,3
244,167,3
244,168,3
244,169,3
244,171,3
244,172,3
244,173,3
244,174,3
244,175,3
244,263,3
244,264,3
244,265,3
244,266,3
244,268,3
244,269,3
244,270,3
244,271,3
244,272,3
244,273,3
244,274,3
244,275,3
244,276,3
244,277,3
244,279,3
244,280,3
244,281,3
245,136,3
245,137,3
245,138,3
245,140,3
245,141,3
245,142,3
245,165,3
245,166,3
245,167,3
245,168,3
245,169,3
245,171,3
245,172,3
245,173,3
245,174,3
245,175,3
245,194,3
245,195,3
245,196,3
245,197,3
245,198,3
245,263,3
245,264,3
245,265,2
245,266,1
245,268,1
245,269,2
245,270,3
245,271,3
245,272,3
245,273,3
245,274,3
245,275,3
245,276,3
245,277,3
245,279,3
245,280,3
245,281,3
246,135,3
246,136,3
246,137,3
246,138,3
246,140,3
246,141,3
246,142,3
246,143,3
246,144,3
246,145,3
246,165,3
246,166,3
246,167,3
246,168,3
246,169,3
246,171,3
246,172,3
246,173,3
246,174,3
246,175,3
246,190,3
246,191,3
246,192,3
246,193,3
246,194,3
246,195,3
246,196,3
246,197,3
246,198,3
246,263,3
246,264,1
246,270,1
246,271,3
246,275,1
246,276,3
246,280,3
246,281,1
247,135,3
247,136,3
247,137,3
247,138,3
247,140,3
247,141,3
247,142,3
247,143,3
247,144,3
247,145,1
247,164,1
247,165,3
247,166,3
247,167,3
247,168,1
247,172,1
247,173,3
247,174,3
247,175,3
247,176,1
247,190,1
247,191,3
247,192,3
247,193,3
247,194,3
247,195,3
247,196,2
247,197,3
247,198,3
247,199,3
247,200,3
248,135,3
248,136,3
248,137,3
248,138,3
248,140,3
248,141,3
248,142,3
248,143,3
248,144,2
248,164,3
248,165,3
248,166,3
248,167,3
248,168,3
248,169,2
248,170,1
248,171,2
248,172,3
248,173,3
248,174,3
248,175,3
248,176,3
248,191,2
248,192,3
248,193,3
248,194,3
248,195,3
248,196,1
248,197,3
248,198,3
248,199,3
248,200,3
249,135,3
249,136,3
249,137,3
249,138,3
249,140,1
249,141,3
249,142,3
249,143,3
249,144,1
249,165,3
249,166,3
249,167,3
249,168,3
249,169,3
249,170,3
249,171,3
249,172,3
249,173,3
249,174,3
249,175,3
249,191,1
249,192,3
249,193,3
249,194,3
249,195,3
249,196,3
249,197,3
249,198,3
249,199,3
249,200,3
250,135,3
250,136,3
250,137,1
250,198,1
250,199,3
250,200,3
251,135,3
251,136,3
251,137,3
251,138,3
251,139,3
251,140,3
251,141,3
251,142,3
251,143,3
251,144,1
251,165,3
251,166,3
251,167,3
251,168,3
251,169,1
251,171,1
251,172,3
251,173,3
251,174,3
251,175,3
251,191,1
251,192,3
251,193,3
251,194,3
251,195,1
251,197,3
251,198,3
251,199,3
251,200,3
252,135,3
252,136,3
252,137,3
252,138,3
252,139,1
252,140,3
252,141,3
252,142,3
252,143,3
252,144,2
252,164,3
252,165,3
252,166,3
252,167,3
252,168,3
252,169,3
252,171,3
252,172,3
252,173,3
252,174,3
252,175,3
252,176,3
252,191,2
252,192,3
252,193,3
252,194,3
252,195,3
252,197,3
252,198,3
252,199,3
252,200,3
253,135,3
253,136,3
253,137,3
253,138,3
253,139,2
253,140,3
253,141,3
253,142,3
253,143,3
253,144,3
253,145,1
253,164,1
253,165,3
253,166,3
253,167,3
253,168,3
253,169,3
253,171,3
253,172,3
253,173,3
253,174,3
253,175,3
253,176,1
253,190,1
253,191,3
253,192,3
253,193,3
253,194,3
253,195,3
253,197,3
253,198,3
253,199,3
253,200,3
254,137,3
254,138,3
254,139,3
254,140,3
254,141,3
254,142,3
254,143,3
254,144,3
254,145,3
254,190,3
254,191,3
254,192,3
254,193,3
254,194,3
254,195,3
254,197,3
254,198,3
254,199,3
254,200,3
255,137,3
255,138,3
255,139,3
255,140,3
255,141,3
255,193,3
255,194,3
255,195,3
255,197,3
255,198,3
255,199,3
256,193,1
256,194,3
256,198,3
256,199,1
260,156,1
260,157,3
260,161,3
260,162,1
261,153,3
261,154,3
261,155,3
261,156,3
261,157,3
261,158,3
261,160,3
261,161,3
261,162,3
262,145,3
262,146,3
262,147,3
262,148,3
262,149,3
262,150,3
262,151,3
262,152,3
262,153,3
262,154,3
262,155,3
262,156,3
262,157,3
262,158,3
262,160,3
262,161,3
262,162,3
263,145,3
263,146,3
263,147,3
263,148,3
263,149,3
263,150,3
263,151,3
263,152,3
263,153,3
263,154,3
263,155,3
263,156,3
263,157,3
263,158,3
263,160,3
263,161,3
263,162,3
264,143,3
264,144,3
264,145,3
264,146,3
264,147,3
264,148,1
264,149,3
264,150,3
264,151,3
264,152,3
264,153,3
264,154,3
264,155,3
264,156,1
264,157,3
264,158,3
264,160,3
264,161,3
264,162,3
265,143,3
265,144,3
265,145,3
265,146,3
265,147,3
265,149,3
265,150,3
265,151,3
265,152,3
265,153,3
265,154,3
265,155,3
265,157,2
265,158,3
265,160,1
265,161,3
265,162,3
266,143,3
266,144,3
266,145,2
266,146,1
266,147,3
266,157,1
266,158,3
267,143,3
267,144,3
267,145,3
267,146,3
267,147,3
267,149,1
267,150,3
267,151,3
267,152,3
267,153,3
267,154,3
267,155,3
267,157,2
267,158,3
267,160,1
267,161,3
267,162,3
268,143,3
268,144,3
268,145,3
268,146,3
268,147,3
268,149,3
268,150,3
268,151,3
268,152,3
268,153,3
268,154,3
268,155,3
268,156,1
268,157,3
268,158,3
268,160,3
268,161,3
268,162,3
269,144,3
269,145,3
269,146,3
269,147,3
269,149,3
269,150,3
269,151,3
269,152,3
269,153,3
269,154,3
269,155,3
269,156,3
269,157,3
269,158,3
269,160,3
269,161,3
269,162,3
270,144,3
270,145,3
270,146,3
270,147,3
270,149,3
270,150,3
270,151,3
270,152,3
270,153,3
270,154,3
270,155,3
270,156,3
270,157,3
270,158,3
270,160,3
270,161,3
270,162,3
271,144,3
271,145,3
271,146,2
271,147,1
271,149,1
271,150,2
271,151,3
271,152,3
271,153,3
271,154,3
271,155,3
271,156,3
271,157,3
271,158,3
271,160,3
271,161,3
271,162,3
272,144,3
272,145,1
272,151,1
272,152,3
272,156,1
272,157,3
272,161,3
272,162,1
279,155,3
279,156,1
279,162,1
279,163,3
279,192,3
279,193,1
279,199,1
279,200,3
280,155,3
280,156,3
280,157,2
280,158,1
280,160,1
280,161,2
280,162,3
280,163,3
280,192,3
280,193,3
280,194,2
280,195,1
280,197,1
280,198,2
280,199,3
280,200,3
281,155,3
281,156,3
281,157,3
281,158,3
281,160,3
281,161,3
281,162,3
281,163,3
281,170,3
281,171,3
281,172,3
281,173,3
281,183,3
281,184,3
281,185,3
281,186,3
281,192,3
281,193,3
281,194,3
281,195,3
281,197,3
281,198,3
281,199,3
281,200,3
282,155,3
282,156,3
282,157,3
282,158,3
282,160,3
282,161,3
282,162,3
282,163,3
282,164,3
282,165,1
282,170,1
282,171,3
282,172,3
282,173,3
282,174,3
282,175,3
282,176,3
282,177,3
282,178,3
282,179,3
282,180,3
282,181,3
282,182,3
282,183,3
282,184,3
282,185,3
282,186,1
282,190,1
282,191,3
282,192,3
282,193,3
282,194,3
282,195,3
282,197,3
282,198,3
282,199,3
282,200,3
283,154,3
283,155,3
283,156,3
283,157,3
283,158,3
283,160,3
283,161,3
283,162,3
283,163,3
283,164,3
283,165,3
283,171,2
283,172,3
283,173,3
283,174,3
283,175,3
283,176,3
283,177,3
283,178,3
283,179,3
283,180,3
283,181,3
283,182,3
283,183,3
283,184,3
283,185,2
283,190,3
283,191,3
283,192,3
283,193,3
283,194,3
283,195,3
283,197,3
283,198,3
283,199,3
283,200,3
283,201,3
284,154,3
284,155,3
284,156,3
284,157,3
284,158,3
284,160,1
284,161,3
284,162,3
284,163,3
284,164,3
284,171,1
284,172,3
284,173,3
284,174,3
284,175,3
284,176,3
284,177,3
284,178,3
284,179,1
284,180,3
284,181,3
284,182,3
284,183,3
284,184,3
284,185,1
284,191,3
284,192,3
284,193,3
284,194,3
284,195,1
284,197,3
284,198,3
284,199,3
284,200,3
284,201,3
285,154,3
285,155,3
285,156,2
285,157,1
285,158,3
285,197,3
285,198,1
285,199,2
285,200,3
285,201,3
286,154,3
286,155,3
286,156,3
286,157,3
286,158,3
286,160,3
286,161,3
286,162,3
286,163,3
286,164,3
286,171,1
286,172,3
286,173,3
286,174,3
286,175,3
286,176,3
286,177,1
286,179,3
286,180,3
286,181,3
286,182,3
286,183,3
286,184,3
286,185,1
286,191,3
286,192,3
286,193,3
286,194,3
286,195,3
286,197,3
286,198,3
286,199,3
286,200,3
286,201,3
287,154,3
287,155,3
287,156,3
287,157,3
287,158,3
287,159,1
287,160,3
287,161,3
287,162,3
287,163,3
287,164,3
287,165,3
287,171,2
287,172,3
287,173,3
287,174,3
287,175,3
287,176,3
287,177,3
287,179,3
287,180,3
287,181,3
287,182,3
287,183,3
287,184,3
287,185,2
287,190,3
287,191,3
287,192,3
287,193,3
287,194,3
287,195,3
287,196,1
287,197,3
287,198,3
287,199,3
287,200,3
287,201,3
288,156,3
288,157,3
288,158,3
288,159,3
288,160,3
288,161,3
288,162,3
288,163,3
288,164,3
288,165,1
288,170,1
288,171,3
288,172,3
288,173,3
288,174,3
288,175,3
288,176,3
288,177,3
288,179,3
288,180,3
288,181,3
288,182,3
288,183,3
288,184,3
288,185,3
288,186,1
288,190,1
288,191,3
288,192,3
288,193,3
288,194,3
288,195,3
288,196,3
288,197,3
288,198,3
288,199,3
289,156,3
289,157,3
289,158,3
289,159,3
289,160,3
289,161,3
289,162,3
289,163,3
289,170,3
289,171,3
289,172,3
289,173,3
289,174,3
289,175,3
289,176,3
289,177,3
289,179,3
289,180,3
289,181,3
289,182,3
289,183,3
289,184,3
289,185,3
289,186,3
289,192,3
289,193,3
289,194,3
289,195,3
289,196,3
289,197,3
289,198,3
289,199,3
290,175,3
290,176,3
290,177,3
290,179,3
290,180,3
290,181,3
291,117,3
291,118,1
291,124,1
291,125,3
291,145,1
291,146,3
291,150,3
291,151,1
291,175,1
291,176,3
291,180,3
291,181,1
292,117,3
292,118,3
292,119,2
292,120,1
292,122,1
292,123,2
292,124,3
292,125,3
292,145,3
292,146,3
292,147,3
292,149,3
292,150,3
292,151,3
293,117,3
293,118,3
293,119,3
293,120,3
293,122,3
293,123,3
293,124,3
293,125,3
293,142,3
293,143,3
293,144,3
293,145,3
293,146,3
293,147,3
293,149,3
293,150,3
293,151,3
293,152,3
294,117,3
294,118,3
294,119,3
294,120,3
294,122,3
294,123,3
294,124,3
294,125,3
294,126,3
294,127,1
294,142,1
294,143,3
294,144,3
294,145,3
294,146,3
294,147,3
294,149,3
294,150,3
294,151,3
294,152,3
295,116,3
295,117,3
295,118,3
295,119,3
295,120,3
295,122,3
295,123,3
295,124,3
295,125,3
295,126,3
295,127,3
295,143,2
295,144,3
295,145,3
295,146,3
295,147,3
295,149,3
295,150,3
295,151,3
295,152,3
296,116,3
296,117,3
296,118,3
296,119,3
296,120,3
296,122,1
296,123,3
296,124,3
296,125,3
296,126,3
296,143,1
296,144,3
296,145,3
296,146,3
296,147,1
296,149,3
296,150,3
296,151,3
296,152,3
297,116,3
297,117,3
297,118,2
297,119,1
297,120,3
297,150,1
297,151,3
297,152,3
298,116,3
298,117,3
298,118,3
298,119,3
298,120,3
298,122,3
298,123,3
298,124,3
298,125,3
298,126,3
298,143,1
298,144,3
298,145,3
298,146,3
298,147,3
298,148,3
298,149,3
298,150,3
298,151,3
298,152,3
299,116,3
299,117,3
299,118,3
299,119,3
299,120,3
299,121,1
299,122,3
299,123,3
299,124,3
299,125,3
299,126,3
299,127,3
299,143,2
299,144,3
299,145,3
299,146,3
299,147,3
299,148,1
299,149,3
299,150,3
299,151,3
299,152,3
300,118,3
300,119,3
300,120,3
300,121,3
300,122,3
300,123,3
300,124,3
300,125,3
300,126,3
300,127,1
300,142,1
300,143,3
300,144,3
300,145,3
300,146,3
300,147,3
300,148,2
300,149,3
300,150,3
300,151,3
300,152,3
301,118,3
301,119,3
301,120,3
301,121,3
301,122,3
301,123,3
301,124,3
301,125,3
301,142,3
301,143,3
301,144,3
301,145,3
301,146,3
301,147,3
301,148,3
301,149,3
301,150,3
302,146,3
302,147,3
302,148,3
302,149,3
302,150,3
305,70,1
305,71,3
305,75,3
305,76,1
305,202,3
305,203,1
305,209,1
305,210,3
306,70,3
306,71,3
306,72,3
306,74,3
306,75,3
306,76,3
306,202,3
306,203,3
306,204,2
306,205,1
306,207,1
306,208,2
306,209,3
306,210,3
307,69,3
307,70,3
307,71,3
307,72,3
307,74,3
307,75,3
307,76,3
307,77,3
307,78,3
307,79,3
307,202,3
307,203,3
307,204,3
307,205,3
307,207,3
307,208,3
307,209,3
307,210,3
308,69,3
308,70,3
308,71,3
308,72,3
308,74,3
308,75,3
308,76,3
308,77,3
308,78,3
308,79,1
308,200,1
308,201,3
308,202,3
308,203,3
308,204,3
308,205,3
308,207,3
308,208,3
308,209,3
308,210,3
309,69,3
309,70,3
309,71,3
309,72,3
309,74,3
309,75,3
309,76,3
309,77,3
309,78,2
309,200,3
309,201,3
309,202,3
309,203,3
309,204,3
309,205,3
309,207,3
309,208,3
309,209,3
309,210,3
309,211,3
310,69,3
310,70,3
310,71,3
310,72,3
310,74,1
310,75,3
310,76,3
310,77,3
310,78,1
310,201,3
310,202,3
310,203,3
310,204,3
310,205,1
310,207,3
310,208,3
310,209,3
310,210,3
310,211,3
311,69,3
311,70,3
311,71,1
311,207,3
311,208,1
311,209,2
311,210,3
311,211,3
312,69,3
312,70,3
312,71,3
312,72,3
312,73,3
312,74,3
312,75,3
312,76,3
312,77,3
312,78,1
312,201,3
312,202,3
312,203,3
312,204,3
312,205,3
312,207,3
312,208,3
312,209,3
312,210,3
312,211,3
313,69,3
313,70,3
313,71,3
313,72,3
313,73,1
313,74,3
313,75,3
313,76,3
313,77,3
313,78,2
313,200,3
313,201,3
313,202,3
313,203,3
313,204,3
313,205,3
313,206,1
313,207,3
313,208,3
313,209,3
313,210,3
313,211,3
314,69,3
314,70,3
314,71,3
314,72,3
314,73,2
314,74,3
314,75,3
314,76,3
314,77,3
314,78,3
314,79,1
314,200,1
314,201,3
314,202,3
314,203,3
314,204,3
314,205,3
314,206,3
314,207,3
314,208,3
314,209,3
315,71,3
315,72,3
315,73,3
315,74,3
315,75,3
315,76,3
315,77,3
315,78,3
315,79,3
315,202,3
315,203,3
315,204,3
315,205,3
315,206,3
315,207,3
315,208,3
315,209,3
316,71,3
316,72,3
316,73,3
316,74,3
316,75,3
316,85,3
316,86,1
316,92,1
316,93,3
316,264,1
316,265,3
316,269,3
316,270,1
317,85,3
317,86,3
317,87,2
317,88,1
317,90,1
317,91,2
317,92,3
317,93,3
317,264,3
317,265,3
317,266,3
317,268,3
317,269,3
317,270,3
318,85,3
318,86,3
318,87,3
318,88,3
318,90,3
318,91,3
318,92,3
318,93,3
318,261,3
318,262,3
318,263,3
318,264,3
318,265,3
318,266,3
318,268,3
318,269,3
318,270,3
318,271,3
319,85,3
319,86,3
319,87,3
319,88,3
319,90,3
319,91,3
319,92,3
319,93,3
319,94,3
319,95,1
319,261,1
319,262,3
319,263,3
319,264,3
319,265,3
319,266,3
319,268,3
319,269,3
319,270,3
319,271,3
320,84,3
320,85,3
320,86,3
320,87,3
320,88,3
320,90,3
320,91,3
320,92,3
320,93,3
320,94,3
320,95,3
320,262,2
320,263,3
320,264,3
320,265,3
320,266,3
320,268,3
320,269,3
320,270,3
320,271,3
321,84,3
321,85,3
321,86,3
321,87,3
321,88,3
321,90,1
321,91,3
321,92,3
321,93,3
321,94,3
321,262,1
321,263,3
321,264,3
321,265,3
321,266,1
321,268,3
321,269,3
321,270,3
321,271,3
322,84,3
322,85,3
322,86,2
322,87,1
322,88,3
322,269,1
322,270,3
322,271,3
323,84,3
323,85,3
323,86,3
323,87,3
323,88,3
323,90,3
323,91,3
323,92,3
323,93,3
323,94,3
323,262,1
323,263,3
323,264,3
323,265,3
323,266,3
323,267,3
323,268,3
323,269,3
323,270,3
323,271,3
324,84,3
324,85,3
324,86,3
324,87,3
324,88,3
324,89,1
324,90,3
324,91,3
324,92,3
324,93,3
324,94,3
324,95,3
324,262,2
324,263,3
324,264,3
324,265,3
324,266,3
324,267,1
324,268,3
324,269,3
324,270,3
324,271,3
325,86,3
325,87,3
325,88,3
325,89,3
325,90,3
325,91,3
325,92,3
325,93,3
325,94,3
325,95,1
325,261,1
325,262,3
325,263,3
325,264,3
325,265,3
325,266,3
325,267,2
325,268,3
325,269,3
325,270,3
325,271,3
326,86,3
326,87,3
326,88,3
326,89,3
326,90,3
326,91,3
326,92,3
326,93,3
326,261,3
326,262,3
326,263,3
326,264,3
326,265,3
326,266,3
326,267,3
326,268,3
326,269,3
327,265,3
327,266,3
327,267,3
327,268,3
327,269,3
332,225,3
332,226,1
332,232,1
332,233,3
332,318,1
332,319,3
332,323,3
332,324,1
333,225,3
333,226,3
333,227,2
333,228,1
333,230,1
333,231,2
333,232,3
333,233,3
333,318,3
333,319,3
333,320,3
333,322,3
333,323,3
333,324,3
334,225,3
334,226,3
334,227,3
334,228,3
334,230,3
334,231,3
334,232,3
334,233,3
334,234,3
334,235,3
334,236,3
334,237,3
334,238,3
334,239,3
334,315,3
334,316,3
334,317,3
334,318,3
334,319,3
334,320,3
334,322,3
334,323,3
334,324,3
334,325,3
335,225,3
335,226,3
335,227,3
335,228,3
335,230,3
335,231,3
335,232,3
335,233,3
335,234,3
335,235,3
335,236,3
335,237,3
335,238,3
335,239,3
335,240,3
335,241,3
335,242,1
335,315,1
335,316,3
335,317,3
335,318,3
335,319,3
335,320,3
335,322,3
335,323,3
335,324,3
335,325,3
336,224,3
336,225,3
336,226,3
336,227,3
336,228,3
336,230,3
336,231,3
336,232,3
336,233,3
336,234,1
336,235,3
336,236,3
336,237,1
336,238,3
336,239,3
336,240,3
336,241,3
336,242,3
336,316,2
336,317,3
336,318,3
336,319,3
336,320,3
336,322,3
336,323,3
336,324,3
336,325,3
337,224,3
337,225,3
337,226,3
337,227,3
337,228,3
337,230,1
337,231,3
337,232,3
337,233,3
337,235,2
337,236,3
337,238,3
337,239,3
337,240,3
337,241,3
337,244,1
337,316,1
337,317,3
337,318,3
337,319,3
337,320,1
337,322,3
337,323,3
337,324,3
337,325,3
338,224,3
338,225,3
338,226,2
338,227,1
338,228,3
338,235,1
338,236,3
338,244,2
338,245,1
338,323,1
338,324,3
338,325,3
339,224,3
339,225,3
339,226,3
339,227,3
339,228,3
339,230,3
339,231,3
339,232,3
339,233,3
339,235,2
339,236,3
339,238,1
339,239,3
339,240,3
339,241,3
339,244,1
339,316,1
339,317,3
339,318,3
339,319,3
339,320,3
339,321,3
339,322,3
339,323,3
339,324,3
339,325,3
340,224,3
340,225,3
340,226,3
340,227,3
340,228,3
340,229,1
340,230,3
340,231,3
340,232,3
340,233,3
340,234,1
340,235,3
340,236,3
340,238,3
340,239,3
340,240,3
340,241,3
340,242,3
340,316,2
340,317,3
340,318,3
340,319,3
340,320,3
340,321,1
340,322,3
340,323,3
340,324,3
340,325,3
341,226,3
341,227,3
341,228,3
341,229,3
341,230,3
341,231,3
341,232,3
341,233,3
341,234,3
341,235,3
341,236,3
341,238,3
341,239,3
341,240,3
341,241,3
341,242,1
341,315,1
341,316,3
341,317,3
341,318,3
341,319,3
341,320,3
341,321,2
341,322,3
341,323,3
341,324,3
341,325,3
342,226,3
342,227,3
342,228,3
342,229,3
342,230,3
342,231,3
342,232,3
342,233,3
342,234,3
342,235,3
342,236,3
342,238,3
342,239,3
342,315,3
342,316,3
342,317,3
342,318,3
342,319,3
342,320,3
342,321,3
342,322,3
342,323,3
343,235,3
343,236,3
343,238,3
343,239,3
343,319,3
343,320,3
343,321,3
343,322,3
343,323,3
344,235,3
344,236,3
344,238,3
344,239,3
344,298,3
344,299,1
344,305,1
344,306,3
345,235,3
345,236,3
345,238,3
345,239,3
345,298,3
345,299,3
345,300,2
345,301,1
345,303,1
345,304,2
345,305,3
345,306,3
346,174,3
346,175,1
346,181,1
346,182,3
346,235,3
346,236,3
346,238,3
346,239,3
346,298,3
346,299,3
346,300,3
346,301,3
346,303,3
346,304,3
346,305,3
346,306,3
347,174,3
347,175,3
347,176,2
347,177,1
347,179,1
347,180,2
347,181,3
347,182,3
347,219,3
347,220,3
347,221,3
347,222,3
347,223,3
347,235,3
347,236,3
347,238,3
347,239,3
347,251,3
347,252,3
347,253,3
347,254,3
347,255,3
347,298,3
347,299,3
347,300,3
347,301,3
347,303,3
347,304,3
347,305,3
347,306,3
348,174,3
348,175,3
348,176,3
348,177,3
348,179,3
348,180,3
348,181,3
348,182,3
348,215,3
348,216,3
348,217,3
348,218,3
348,219,3
348,220,3
348,221,3
348,222,3
348,223,3
348,235,3
348,236,3
348,238,3
348,239,3
348,251,3
348,252,3
348,253,3
348,254,3
348,255,3
348,256,3
348,257,3
348,258,3
348,259,3
348,298,3
348,299,3
348,300,3
348,301,3
348,303,3
348,304,3
348,305,3
349,174,3
349,175,3
349,176,3
349,177,3
349,179,3
349,180,3
349,181,3
349,182,3
349,183,3
349,184,1
349,215,1
349,216,3
349,217,3
349,218,3
349,219,3
349,220,3
349,221,2
349,222,3
349,223,3
349,224,3
349,225,3
349,235,3
349,236,3
349,238,3
349,239,3
349,249,3
349,250,3
349,251,3
349,252,3
349,253,2
349,254,3
349,255,3
349,256,3
349,257,3
349,258,3
349,259,1
349,296,1
349,297,3
349,298,3
349,299,3
349,300,3
349,301,3
349,303,3
349,304,3
349,305,3
350,173,3
350,174,3
350,175,3
350,176,3
350,177,3
350,179,3
350,180,3
350,181,3
350,182,3
350,183,3
350,184,3
350,216,2
350,217,3
350,218,3
350,219,3
350,220,3
350,221,1
350,222,3
350,223,3
350,224,3
350,225,3
350,235,3
350,236,3
350,238,3
350,239,3
350,249,3
350,250,3
350,251,3
350,252,3
350,253,1
350,254,3
350,255,3
350,256,3
350,257,3
350,258,2
350,296,3
350,297,3
350,298,3
350,299,3
350,300,3
350,301,3
350,303,3
350,304,3
350,305,3
351,173,3
351,174,3
351,175,3
351,176,3
351,177,3
351,179,1
351,180,3
351,181,3
351,182,3
351,183,3
351,216,1
351,217,3
351,218,3
351,219,3
351,220,3
351,221,3
351,222,3
351,223,3
351,224,3
351,225,3
351,235,3
351,236,3
351,238,3
351,239,3
351,249,3
351,250,3
351,251,3
351,252,3
351,253,3
351,254,3
351,255,3
351,256,3
351,257,3
351,258,1
351,297,3
351,298,3
351,299,3
351,300,3
351,301,1
351,303,3
351,304,3
351,305,3
352,173,3
352,174,3
352,175,2
352,176,1
352,177,3
352,223,1
352,224,3
352,225,3
352,235,3
352,236,3
352,238,3
352,239,3
352,249,3
352,250,3
352,251,1
352,303,3
352,304,3
352,305,3
353,173,3
353,174,3
353,175,3
353,176,3
353,177,3
353,179,3
353,180,3
353,181,3
353,182,3
353,183,3
353,216,1
353,217,3
353,218,3
353,219,3
353,220,1
353,222,3
353,223,3
353,224,3
353,225,3
353,235,3
353,236,3
353,238,3
353,239,3
353,249,3
353,250,3
353,251,3
353,252,3
353,254,1
353,255,3
353,256,3
353,257,3
353,258,1
353,297,3
353,298,3
353,299,3
353,300,3
353,301,3
353,303,1
353,304,3
353,305,3
354,173,3
354,174,3
354,175,3
354,176,3
354,177,3
354,178,1
354,179,3
354,180,3
354,181,3
354,182,3
354,183,3
354,184,3
354,216,2
354,217,3
354,218,3
354,219,3
354,220,3
354,222,3
354,223,3
354,224,3
354,225,3
354,235,3
354,236,3
354,238,3
354,239,3
354,249,3
354,250,3
354,251,3
354,252,3
354,254,3
354,255,3
354,256,3
354,257,3
354,258,2
354,296,3
354,297,3
354,298,3
354,299,3
354,300,3
354,301,3
354,303,3
354,304,3
354,305,3
355,175,3
355,176,3
355,177,3
355,178,3
355,179,3
355,180,3
355,181,3
355,182,3
355,183,3
355,184,1
355,215,1
355,216,3
355,217,3
355,218,3
355,219,3
355,220,3
355,222,3
355,223,3
355,224,3
355,225,3
355,235,3
355,236,3
355,238,3
355,239,3
355,249,3
355,250,3
355,251,3
355,252,3
355,254,3
355,255,3
355,256,3
355,257,3
355,258,3
355,259,1
355,296,1
355,297,3
355,298,3
355,299,3
355,300,3
355,301,3
355,303,3
355,304,3
355,305,3
356,175,3
356,176,3
356,177,3
356,178,3
356,179,3
356,180,3
356,181,3
356,182,3
356,215,3
356,216,3
356,217,3
356,218,3
356,219,3
356,220,3
356,222,3
356,223,3
356,224,3
356,225,3
356,235,3
356,236,3
356,238,3
356,239,3
356,249,3
356,250,3
356,251,3
356,252,3
356,254,3
356,255,3
356,256,3
356,257,3
356,258,3
356,259,3
356,298,3
356,299,3
356,300,3
356,301,3
356,303,3
356,304,3
356,305,3
357,217,3
357,218,3
357,219,1
357,223,1
357,224,3
357,225,3
357,235,3
357,236,3
357,238,3
357,239,3
357,249,3
357,250,3
357,251,1
357,255,1
357,256,3
357,257,3
357,298,3
357,299,3
357,300,3
357,301,3
357,303,3
357,304,3
357,305,3
357,306,3
358,217,3
358,218,3
358,219,3
358,220,2
358,221,1
358,222,2
358,223,3
358,224,3
358,225,3
358,226,3
358,227,3
358,228,3
358,229,3
358,230,3
358,231,3
358,232,3
358,233,3
358,234,3
358,235,3
358,236,3
358,238,3
358,239,3
358,240,3
358,241,3
358,242,3
358,243,3
358,244,3
358,245,3
358,246,3
358,247,3
358,248,3
358,249,3
358,250,3
358,251,3
358,252,2
358,253,1
358,254,2
358,255,3
358,256,3
358,257,3
358,298,3
358,299,3
358,300,3
358,301,3
358,303,3
358,304,3
358,305,3
358,306,3
359,217,3
359,218,3
359,219,3
359,220,3
359,221,3
359,222,3
359,223,3
359,224,3
359,225,3
359,226,3
359,227,3
359,228,3
359,229,3
359,230,3
359,231,3
359,232,3
359,233,3
359,234,3
359,235,3
359,236,3
359,238,3
359,239,3
359,240,3
359,241,3
359,242,3
359,243,3
359,244,3
359,245,3
359,246,3
359,247,3
359,248,3
359,249,3
359,250,3
359,251,3
359,252,3
359,253,3
359,254,3
359,255,3
359,256,3
359,257,3
359,298,3
359,299,3
359,300,2
359,301,1
359,303,1
359,304,2
359,305,3
359,306,3
360,217,3
360,218,3
360,219,1
360,255,1
360,256,3
360,257,3
360,298,3
360,299,1
360,305,1
360,306,3
361,217,3
361,218,3
361,219,3
361,220,3
361,222,1
361,223,3
361,224,3
361,225,3
361,226,3
361,227,3
361,228,3
361,229,3
361,230,3
361,231,3
361,232,3
361,233,3
361,234,3
361,235,3
361,236,3
361,237,1
361,238,3
361,239,3
361,240,3
361,241,3
361,242,3
361,243,3
361,244,3
361,245,3
361,246,3
361,247,3
361,248,3
361,249,3
361,250,3
361,251,3
361,252,1
361,254,3
361,255,3
361,256,3
361,257,3
362,217,3
362,218,3
362,219,3
362,220,3
362,222,3
362,223,3
362,224,3
362,225,3
362,226,3
362,227,3
362,228,3
362,229,3
362,230,3
362,231,3
362,232,3
362,233,3
362,234,3
362,235,3
362,236,3
362,237,2
362,238,3
362,239,3
362,240,3
362,241,3
362,242,3
362,243,3
362,244,3
362,245,3
362,246,3
362,247,3
362,248,3
362,249,3
362,250,3
362,251,3
362,252,3
362,254,3
362,255,3
362,256,3
362,257,3
363,218,3
363,219,3
363,220,3
363,222,3
363,223,3
363,224,3
363,235,3
363,236,3
363,237,3
363,238,3
363,239,3
363,250,3
363,251,3
363,252,3
363,254,3
363,255,3
363,256,3
364,218,3
364,219,3
364,220,3
364,222,3
364,223,3
364,224,3
364,235,3
364,236,3
364,237,3
364,238,3
364,239,3
364,250,3
364,251,3
364,252,3
364,254,3
364,255,3
364,256,3
365,218,1
365,219,3
365,223,3
365,224,1
365,250,1
365,251,3
365,255,3
365,256,1
367,274,3
367,275,1
367,281,1
367,282,3
367,299,1
367,300,3
367,304,3
367,305,1
368,274,3
368,275,3
368,276,2
368,277,1
368,279,1
368,280,2
368,281,3
368,282,3
368,299,3
368,300,3
368,301,3
368,303,3
368,304,3
368,305,3
369,252,1
369,253,2
369,254,1
369,274,3
369,275,3
369,276,3
369,277,3
369,279,3
369,280,3
369,281,3
369,282,3
369,296,3
369,297,3
369,298,3
369,299,3
369,300,3
369,301,3
369,303,3
369,304,3
369,305,3
369,306,3
370,253,1
370,274,3
370,275,3
370,276,3
370,277,3
370,279,3
370,280,3
370,281,3
370,282,3
370,283,3
370,284,1
370,296,1
370,297,3
370,298,3
370,299,3
370,300,3
370,301,3
370,303,3
370,304,3
370,305,3
370,306,3
371,273,3
371,274,3
371,275,3
371,276,3
371,277,3
371,279,3
371,280,3
371,281,3
371,282,3
371,283,3
371,284,3
371,297,2
371,298,3
371,299,3
371,300,3
371,301,3
371,303,3
371,304,3
371,305,3
371,306,3
372,273,3
372,274,3
372,275,3
372,276,3
372,277,3
372,279,1
372,280,3
372,281,3
372,282,3
372,283,3
372,297,1
372,298,3
372,299,3
372,300,3
372,301,1
372,303,3
372,304,3
372,305,3
372,306,3
373,273,3
373,274,3
373,275,2
373,276,1
373,277,3
373,304,1
373,305,3
373,306,3
374,273,3
374,274,3
374,275,3
374,276,3
374,277,3
374,279,3
374,280,3
374,281,3
374,282,3
374,283,3
374,297,1
374,298,3
374,299,3
374,300,3
374,301,3
374,302,3
374,303,3
374,304,3
374,305,3
374,306,3
375,273,3
375,274,3
375,275,3
375,276,3
375,277,3
375,278,1
375,279,3
375,280,3
375,281,3
375,282,3
375,283,3
375,284,3
375,297,2
375,298,3
375,299,3
375,300,3
375,301,3
375,302,1
375,303,3
375,304,3
375,305,3
375,306,3
376,275,3
376,276,3
376,277,3
376,278,3
376,279,3
376,280,3
376,281,3
376,282,3
376,283,3
376,284,1
376,296,1
376,297,3
376,298,3
376,299,3
376,300,3
376,301,3
376,302,2
376,303,3
376,304,3
376,305,3
376,306,3
377,275,3
377,276,3
377,277,3
377,278,3
377,279,3
377,280,3
377,281,3
377,282,3
377,296,3
377,297,3
377,298,3
377,299,3
377,300,3
377,301,3
377,302,3
377,303,3
377,304,3
378,300,3
378,301,3
378,302,3
378,303,3
378,304,3
