101,98,3
101,99,1
101,105,1
101,106,3
101,110,1
101,111,3
101,115,3
101,116,1
102,98,3
102,99,3
102,100,2
102,101,1
102,103,1
102,104,2
102,105,3
102,106,3
102,107,3
102,108,3
102,109,3
102,110,3
102,111,3
102,112,3
102,114,3
102,115,3
102,116,3
103,98,3
103,99,3
103,100,3
103,101,3
103,103,3
103,104,3
103,105,3
103,106,3
103,107,3
103,108,3
103,109,3
103,110,3
103,111,3
103,112,3
103,114,3
103,115,3
103,116,3
104,98,3
104,99,3
104,100,3
104,101,3
104,103,3
104,104,3
104,105,3
104,106,3
104,107,3
104,108,3
104,109,3
104,110,3
104,111,3
104,112,3
104,114,3
104,115,3
104,116,3
105,97,3
105,98,3
105,99,3
105,100,3
105,101,3
105,103,3
105,104,3
105,105,3
105,106,3
105,107,3
105,108,3
105,109,3
105,110,1
105,111,3
105,112,3
105,114,3
105,115,3
105,116,3
106,97,3
106,98,3
106,99,3
106,100,3
106,101,3
106,103,1
106,104,3
106,105,3
106,106,3
106,107,3
106,108,3
106,109,3
106,111,2
106,112,3
106,114,1
106,115,3
106,116,3
107,97,3
107,98,3
107,99,2
107,100,1
107,101,3
107,111,1
107,112,3
108,97,3
108,98,3
108,99,3
108,100,3
108,101,3
108,103,3
108,104,3
108,105,3
108,106,3
108,107,3
108,108,3
108,109,3
108,111,2
108,112,3
108,114,1
108,115,3
108,116,3
109,97,3
109,98,3
109,99,3
109,100,3
109,101,3
109,102,1
109,103,3
109,104,3
109,105,3
109,106,3
109,107,3
109,108,3
109,109,3
109,110,1
109,111,3
109,112,3
109,114,3
109,115,3
109,116,3
110,99,3
110,100,3
110,101,3
110,102,3
110,103,3
110,104,3
110,105,3
110,106,3
110,107,3
110,108,3
110,109,3
110,110,3
110,111,3
110,112,3
110,114,3
110,115,3
110,116,3
111,99,3
111,100,3
111,101,3
111,102,3
111,103,3
111,104,3
111,105,3
111,106,3
111,107,3
111,108,3
111,109,3
111,110,3
111,111,3
111,112,3
111,114,3
111,115,3
111,116,3
112,107,3
112,108,3
112,109,3
112,110,3
112,111,3
112,112,3
112,114,3
112,115,3
112,116,3
113,110,1
113,111,3
113,115,3
113,116,1
