109,64,3
109,65,1
109,71,1
109,72,3
110,64,3
110,65,3
110,66,2
110,67,1
110,69,1
110,70,2
110,71,3
110,72,3
111,58,3
111,59,3
111,60,3
111,61,3
111,62,3
111,63,3
111,64,3
111,65,3
111,66,3
111,67,3
111,69,3
111,70,3
111,71,3
111,72,3
112,55,1
112,56,3
112,57,3
112,58,3
112,59,3
112,60,3
112,61,3
112,62,3
112,63,3
112,64,3
112,65,3
112,66,3
112,67,3
112,69,3
112,70,3
112,71,3
112,72,3
113,55,3
113,56,3
113,57,3
113,58,3
113,59,3
113,60,1
113,61,3
113,62,3
113,63,1
113,64,3
113,65,3
113,66,3
113,67,3
113,69,3
113,70,3
113,71,3
113,72,3
113,73,3
114,51,1
114,56,3
114,57,3
114,58,3
114,59,3
114,61,3
114,62,2
114,64,3
114,65,3
114,66,3
114,67,1
114,69,3
114,70,3
114,71,3
114,72,3
114,73,3
115,50,1
115,51,2
115,61,3
115,62,1
115,69,3
115,70,1
115,71,2
115,72,3
115,73,3
116,51,1
116,56,3
116,57,3
116,58,3
116,59,1
116,61,3
116,62,2
116,64,3
116,65,3
116,66,3
116,67,3
116,69,3
116,70,3
116,71,3
116,72,3
116,73,3
117,55,3
117,56,3
117,57,3
117,58,3
117,59,3
117,61,3
117,62,3
117,63,1
117,64,3
117,65,3
117,66,3
117,67,3
117,68,1
117,69,3
117,70,3
117,71,3
117,72,3
117,73,3
118,55,1
118,56,3
118,57,3
118,58,3
118,59,3
118,61,3
118,62,3
118,63,3
118,64,3
118,65,3
118,66,3
118,67,3
118,68,3
118,69,3
118,70,3
118,71,3
118,80,3
118,81,3
118,82,3
118,83,3
118,84,3
119,58,3
119,59,3
119,61,3
119,62,3
119,63,3
119,64,3
119,65,3
119,66,3
119,67,3
119,68,3
119,69,3
119,70,3
119,71,3
119,80,3
119,81,3
119,82,3
119,83,3
119,84,3
119,85,3
119,86,3
119,87,3
119,88,3
120,30,1
120,58,3
120,59,3
120,61,3
120,62,3
120,78,3
120,79,3
120,80,3
120,81,3
120,82,2
120,83,3
120,84,3
120,85,3
120,86,3
120,87,3
120,88,1
121,29,1
121,30,2
121,31,1
121,58,3
121,59,3
121,61,3
121,62,3
121,78,3
121,79,3
121,80,3
121,81,3
121,82,1
121,83,3
121,84,3
121,85,3
121,86,3
121,87,2
122,58,3
122,59,3
122,61,3
122,62,3
122,78,3
122,79,3
122,80,3
122,81,3
122,82,3
122,83,3
122,84,3
122,85,3
122,86,3
122,87,1
123,42,3
123,43,1
123,49,1
123,50,3
123,58,3
123,59,3
123,61,3
123,62,3
123,78,3
123,79,3
123,80,1
124,42,3
124,43,3
124,44,2
124,45,1
124,47,1
124,48,2
124,49,3
124,50,3
124,58,3
124,59,3
124,61,3
124,62,3
124,78,3
124,79,3
124,80,3
124,81,3
124,83,1
124,84,3
124,85,3
124,86,3
124,87,1
125,15,3
125,16,1
125,22,1
125,23,3
125,27,1
125,28,3
125,32,3
125,33,1
125,42,3
125,43,3
125,44,3
125,45,3
125,47,3
125,48,3
125,49,3
125,50,3
125,58,3
125,59,3
125,61,3
125,62,3
125,78,3
125,79,3
125,80,3
125,81,3
125,83,3
125,84,3
125,85,3
125,86,3
125,87,2
126,15,3
126,16,3
126,17,2
126,18,1
126,20,1
126,21,2
126,22,3
126,23,3
126,24,3
126,25,3
126,26,3
126,27,3
126,28,3
126,29,3
126,31,3
126,32,3
126,33,3
126,42,3
126,43,3
126,44,3
126,45,3
126,47,3
126,48,3
126,49,3
126,50,3
126,58,3
126,59,3
126,61,3
126,62,3
126,78,3
126,79,3
126,80,3
126,81,3
126,83,3
126,84,3
126,85,3
126,86,3
126,87,3
126,88,1
127,15,3
127,16,3
127,17,3
127,18,3
127,20,3
127,21,3
127,22,3
127,23,3
127,24,3
127,25,3
127,26,3
127,27,3
127,28,3
127,29,3
127,31,3
127,32,3
127,33,3
127,42,3
127,43,3
127,44,3
127,45,3
127,47,3
127,48,3
127,49,3
127,58,3
127,59,3
127,61,3
127,62,3
127,78,3
127,79,3
127,80,3
127,81,3
127,83,3
127,84,3
127,85,3
127,86,3
127,87,3
127,88,3
128,15,3
128,16,3
128,17,3
128,18,3
128,20,3
128,21,3
128,22,3
128,23,3
128,24,3
128,25,3
128,26,3
128,27,3
128,28,3
128,29,3
128,31,3
128,32,3
128,33,3
128,40,1
128,41,3
128,42,3
128,43,3
128,44,3
128,45,3
128,47,3
128,48,3
128,49,3
128,58,3
128,59,3
128,61,3
128,62,3
128,78,3
128,79,3
128,80,1
128,84,1
128,85,3
128,86,3
129,14,3
129,15,3
129,16,3
129,17,3
129,18,3
129,20,3
129,21,3
129,22,3
129,23,3
129,24,3
129,25,3
129,26,3
129,27,1
129,28,3
129,29,3
129,31,3
129,32,3
129,33,3
129,40,3
129,41,3
129,42,3
129,43,3
129,44,3
129,45,3
129,47,3
129,48,3
129,49,3
129,56,3
129,57,3
129,58,3
129,59,3
129,61,3
129,62,3
129,63,3
129,64,3
129,65,3
129,66,3
129,67,3
129,68,3
129,69,3
129,70,3
129,71,3
129,72,3
129,73,3
129,74,3
129,75,3
129,76,3
129,77,3
129,78,3
129,79,3
129,80,3
129,81,2
129,82,1
129,83,2
129,84,3
129,85,3
129,86,3
130,14,3
130,15,3
130,16,3
130,17,3
130,18,3
130,20,1
130,21,3
130,22,3
130,23,3
130,24,3
130,25,3
130,26,3
130,28,2
130,29,3
130,31,1
130,32,3
130,33,3
130,37,1
130,41,3
130,42,3
130,43,3
130,44,3
130,45,1
130,47,3
130,48,3
130,49,3
130,56,3
130,57,3
130,58,3
130,59,3
130,61,3
130,62,3
130,63,3
130,64,3
130,65,3
130,66,3
130,67,3
130,68,3
130,69,3
130,70,3
130,71,3
130,72,3
130,73,3
130,74,3
130,75,3
130,76,3
130,77,3
130,78,3
130,79,3
130,80,3
130,81,3
130,82,3
130,83,3
130,84,3
130,85,3
130,86,3
131,14,3
131,15,3
131,16,2
131,17,1
131,18,3
131,28,1
131,29,3
131,36,1
131,37,2
131,47,3
131,48,3
131,49,3
131,56,3
131,57,3
131,58,2
131,59,1
131,84,1
131,85,3
131,86,3
132,14,3
132,15,3
132,16,3
132,17,3
132,18,3
132,20,3
132,21,3
132,22,3
132,23,3
132,24,3
132,25,3
132,26,3
132,28,2
132,29,3
132,31,1
132,32,3
132,33,3
132,37,1
132,41,3
132,42,3
132,43,3
132,44,3
132,45,3
132,47,1
132,48,3
132,49,3
132,56,3
132,57,3
132,58,3
132,59,3
132,61,3
132,62,3
132,63,3
132,64,3
132,65,3
132,66,3
132,67,3
132,68,3
132,69,3
132,70,3
132,71,3
132,72,3
132,73,3
132,74,3
132,75,3
132,76,3
132,77,3
132,78,3
132,79,3
132,80,3
132,81,1
132,83,3
132,84,3
132,85,3
132,86,3
133,14,3
133,15,3
133,16,3
133,17,3
133,18,3
133,19,1
133,20,3
133,21,3
133,22,3
133,23,3
133,24,3
133,25,3
133,26,3
133,27,1
133,28,3
133,29,3
133,31,3
133,32,3
133,33,3
133,40,3
133,41,3
133,42,3
133,43,3
133,44,3
133,45,3
133,47,3
133,48,3
133,49,3
133,56,3
133,57,3
133,58,3
133,59,3
133,61,3
133,62,3
133,63,3
133,64,3
133,65,3
133,66,3
133,67,3
133,68,3
133,69,3
133,70,3
133,71,3
133,72,3
133,73,3
133,74,3
133,75,3
133,76,3
133,77,3
133,78,3
133,79,3
133,80,3
133,81,3
133,83,3
133,84,3
133,85,3
133,86,3
134,16,3
134,17,3
134,18,3
134,19,3
134,20,3
134,21,3
134,22,3
134,23,3
134,24,3
134,25,3
134,26,3
134,27,3
134,28,3
134,29,3
134,31,3
134,32,3
134,33,3
134,40,1
134,41,3
134,42,3
134,43,3
134,44,3
134,45,3
134,47,3
134,48,3
134,49,3
134,58,3
134,59,3
134,61,3
134,62,3
134,79,3
134,80,3
134,81,3
134,83,3
134,84,3
134,85,3
135,16,3
135,17,3
135,18,3
135,19,3
135,20,3
135,21,3
135,22,3
135,23,3
135,24,3
135,25,3
135,26,3
135,27,3
135,28,3
135,29,3
135,31,3
135,32,3
135,33,3
135,42,3
135,43,3
135,44,3
135,45,3
135,47,3
135,48,3
135,49,3
135,58,3
135,59,3
135,61,3
135,62,3
135,79,3
135,80,3
135,81,3
135,83,3
135,84,3
135,85,3
136,24,3
136,25,3
136,26,3
136,27,3
136,28,3
136,29,3
136,31,3
136,32,3
136,33,3
136,42,3
136,43,3
136,44,3
136,45,3
136,47,3
136,48,3
136,49,3
136,50,3
136,58,3
136,59,3
136,61,3
136,62,3
136,79,1
136,80,3
136,84,3
136,85,1
137,27,1
137,28,3
137,32,3
137,33,1
137,42,3
137,43,3
137,44,3
137,45,3
137,47,3
137,48,3
137,49,3
137,50,3
137,58,3
137,59,3
137,61,3
137,62,3
138,42,3
138,43,3
138,44,2
138,45,1
138,47,1
138,48,2
138,49,3
138,50,3
138,58,3
138,59,3
138,61,3
138,62,3
139,42,3
139,43,1
139,49,1
139,50,3
139,58,3
139,59,3
139,61,3
139,62,3
140,58,3
140,59,3
140,61,3
140,62,3
141,29,1
141,30,2
141,31,1
141,58,3
141,59,3
141,61,3
141,62,3
142,30,1
142,58,3
142,59,3
142,61,3
142,62,3
143,58,3
143,59,3
143,61,3
143,62,3
143,63,3
143,64,3
143,65,3
143,66,3
143,67,3
143,68,3
143,69,3
143,70,3
143,71,3
144,55,1
144,56,3
144,57,3
144,58,3
144,59,3
144,61,3
144,62,3
144,63,3
144,64,3
144,65,3
144,66,3
144,67,3
144,68,3
144,69,3
144,70,3
144,71,3
145,55,3
145,56,3
145,57,3
145,58,3
145,59,3
145,61,3
145,62,3
145,63,1
145,64,3
145,65,3
145,66,3
145,67,3
145,68,1
145,69,3
145,70,3
145,71,3
145,72,3
145,73,3
146,51,1
146,56,3
146,57,3
146,58,3
146,59,1
146,61,3
146,62,2
146,64,3
146,65,3
146,66,3
146,67,3
146,69,3
146,70,3
146,71,3
146,72,3
146,73,3
147,50,1
147,51,2
147,61,3
147,62,1
147,69,3
147,70,1
147,71,2
147,72,3
147,73,3
148,51,1
148,56,3
148,57,3
148,58,3
148,59,3
148,61,3
148,62,2
148,64,3
148,65,3
148,66,3
148,67,1
148,69,3
148,70,3
148,71,3
148,72,3
148,73,3
149,55,3
149,56,3
149,57,3
149,58,3
149,59,3
149,60,1
149,61,3
149,62,3
149,63,1
149,64,3
149,65,3
149,66,3
149,67,3
149,69,3
149,70,3
149,71,3
149,72,3
149,73,3
150,55,1
150,56,3
150,57,3
150,58,3
150,59,3
150,60,3
150,61,3
150,62,3
150,63,3
150,64,3
150,65,3
150,66,3
150,67,3
150,69,3
150,70,3
150,71,3
150,72,3
151,58,3
151,59,3
151,60,3
151,61,3
151,62,3
151,63,3
151,64,3
151,65,3
151,66,3
151,67,3
151,69,3
151,70,3
151,71,3
151,72,3
152,64,3
152,65,3
152,66,2
152,67,1
152,69,1
152,70,2
152,71,3
152,72,3
153,64,3
153,65,1
153,71,1
153,72,3
